run_label	method	rmse	rmse_std	t_end_epoch	t_end_iso	num_steps

H2_molecule_JW_6-31g_JW_Nshots=10000	ShadowGrouping	0.013672567511334817	0.0011131897091717323	1762971254.5174818	2025-11-12T19:14:14	10000

H2_molecule_JW_6-31g_JW_Nshots=10000	Posteriori	0.01323035637709607	0.0010753499129403693	1763024355.4612222	2025-11-13T09:59:15	10000

H2_molecule_JW_6-31g_JW_Nshots=10000	Priori	0.014468749957097791	0.0011314181477608248	1763029051.1128254	2025-11-13T11:17:31	10000


