run_label	method	rmse	rmse_std	t_end_epoch	t_end_iso	num_steps
LiH_molecule_JW_sto3g_JW_Nshots=3000	Shadow_Grouping	0.01398276223614797	0.012131014698559883	1760963855.269467	2025-10-20T14:37:35	3000
LiH_molecule_JW_sto3g_JW_Nshots=3000	Priori	0.014929794620467387	0.01096059595994004	1760971983.5005615	2025-10-20T16:53:03	3000
