run_label	method	rmse	rmse_std	t_end_epoch	t_end_iso	num_steps
LiH_molecule_JW_sto3g_JW_Nshots=1000	Shadow_Grouping	0.011236022524293418	0.0007959464216267863	1760966112.2254865	2025-10-20T15:15:12	1000
LiH_molecule_JW_sto3g_JW_Nshots=1000	Posteriori	0.00996567360027811	0.0006359851146047697	1761032871.4467857	2025-10-21T09:47:51	1000
LiH_molecule_JW_sto3g_JW_Nshots=1000	Priori	0.00948327442861937	0.0006192162524859767	1760968947.868851	2025-10-20T16:02:27	1000
