run_label	method	rmse	rmse_std	t_end_epoch	t_end_iso	num_steps
LiH_molecule_BK_sto3g_BK_Nshots=5000	Shadow_Grouping	0.7430160327866889	0.018826922927459747	1760963141.4466314	2025-10-20T14:25:41	5000
LiH_molecule_BK_sto3g_BK_Nshots=5000	Shadow_Grouping	0.7430160327866889	0.018826922927459747	1760963141.4466314	2025-10-20T14:25:41	5000
