run_label	method	rmse	rmse_std	t_end_epoch	t_end_iso	num_steps
LiH_molecule_JW_sto3g_JW_Nshots=700	Shadow_Grouping	0.031176039580672013	0.02138177902660885	1760964182.687119	2025-10-20T14:43:02	700
LiH_molecule_JW_sto3g_JW_Nshots=700	Priori	0.033836235694699984	0.023132991358669575	1760967813.2236934	2025-10-20T15:43:33	700
