run_label	method	rmse	rmse_std	t_end_epoch	t_end_iso	num_steps
LiH_molecule_JW_sto3g_JW_Nshots=10000	Priori	0.00714512607186025	0.006347696208739291	1761038824.6273332	2025-10-21T11:27:04	10000
LiH_molecule_JW_sto3g_JW_Nshots=10000	Posteriori	0.009903283987955046	0.011545322706997931	1761122784.2469306	2025-10-22T10:46:24	10000
LiH_molecule_JW_sto3g_JW_Nshots=10000	Shadow_Grouping	0.010617282956545935	0.012607890347957632	1761123475.3732872	2025-10-22T10:57:55	10000
