run_label	method	rmse	rmse_std	t_end_epoch	t_end_iso	num_steps
LiH_molecule_JW_sto3g_JW_Nshots=2000	Shadow_Grouping	0.0201676587115999	0.013860391830011544	1760963919.5462787	2025-10-20T14:38:39	2000
LiH_molecule_JW_sto3g_JW_Nshots=2000	Priori	0.016024654162096343	0.010921304831367926	1760970326.230921	2025-10-20T16:25:26	2000
