run_label	method	rmse	rmse_std	t_end_epoch	t_end_iso	num_steps
LiH_molecule_JW_sto3g_JW_Nshots=5000	Shadow_Grouping	0.012080012222765219	0.008914135856500374	1760963800.6297472	2025-10-20T14:36:40	5000
LiH_molecule_JW_sto3g_JW_Nshots=5000	Priori	0.010449674800028142	0.00741713561557374	1760974993.0038168	2025-10-20T17:43:13	5000
