run_label	method	rmse	rmse_std	t_end_epoch	t_end_iso	num_steps
LiH_molecule_JW_sto3g_JW_Nshots=900	Shadow_Grouping	0.02575286540193721	0.0222397682771867	1760964134.4361002	2025-10-20T14:42:14	900
LiH_molecule_JW_sto3g_JW_Nshots=900	Priori	0.02854072639377433	0.020712957747771318	1760968379.2776911	2025-10-20T15:52:59	900
