# METHOD: ShadowBucket
# Nshots: 1000
1	128.18720195554042
2	107.45277745691463
3	90.7255109496835
4	85.13866831994686
5	80.03686021606518
6	77.07947218377753
7	74.87649911323187
8	73.85499434262717
9	73.05676516793555
10	72.3147558775461
11	72.24898110725574
12	71.19000016448447
13	70.61180796505685
14	69.59551511390612
15	69.0520187942223
16	65.20820826462187
17	62.75752558621084
18	61.867420583373644
19	60.98442615191517
20	61.15783924282696
21	61.23081455578144
22	61.09877528779012
23	61.27753032283097
24	61.2139423340808
25	61.40344997642924
26	61.56658366797303
27	61.68934768087082
28	61.54765071890632
29	61.14461073196215
30	61.05443190194316
31	61.04187731067312
32	60.51244468047167
33	60.4486056658388
34	60.44199131702443
35	60.46218549589524
36	60.32186328730961
37	60.2282788643156
38	59.35502684060385
39	58.79855041025209
40	58.31393310524257
41	57.93473364644445
42	57.61692367151105
43	57.36046157556144
44	57.20853089964737
45	57.012541072367796
46	54.99106576099215
47	53.369770905293436
48	52.49596405946692
49	51.77554763064146
50	50.40714442836819
51	49.194636885058124
52	48.195275134458136
53	47.850737593972084
54	47.074704739596875
55	46.65696200443645
56	46.275452682721856
57	45.699761306052174
58	45.18476182039287
59	44.619022858262866
60	44.33380750315202
61	43.9424153240433
62	43.691143050338404
63	43.32077476627099
64	43.025684227703564
65	42.77003804790916
66	42.53160682945823
67	42.29595416459055
68	42.04731044746915
69	41.83220677527972
70	41.63761447496748
71	41.47051329454195
72	41.29779346269111
73	41.1165811916361
74	40.977241372594825
75	40.83319591946497
76	40.70361378178583
77	40.5614327836649
78	40.508290071105336
79	40.457958983261065
80	40.327929539347096
81	40.21008942408836
82	40.10263785642022
83	39.98096649382249
84	39.89026399461119
85	39.78614012745336
86	39.69064882403003
87	39.602848284137416
88	39.60743975149993
89	39.61360883963372
90	39.34884864959333
91	39.27421140316344
92	39.21306891229361
93	39.12677998963284
94	39.03820907462876
95	38.94494130021995
96	38.892580270932676
97	38.84749904921685
98	38.76446828041249
99	38.670718079853316
100	38.580108504433134
101	38.466988291089955
102	38.36088881306889
103	38.24729292032028
104	38.140957770017636
105	38.0406846493513
106	37.94616399710404
107	37.86104648735159
108	37.78000747777529
109	37.67389755468307
110	37.57447511620343
111	37.480600095884085
112	37.37860842831548
113	37.282415867933025
114	37.191735091633795
115	37.11269277762348
116	37.029511997055046
117	36.77031451458564
118	36.682908459644224
119	36.5928901390813
120	36.51046629876985
121	36.41155013560377
122	36.32347263937675
123	36.24755567704812
124	36.172792731225954
125	36.09849477811422
126	36.040780644166425
127	35.97477731704256
128	35.662613471579725
129	35.35147418801092
130	35.148530342232945
131	34.880614794692924
132	34.61140109456268
133	34.412142208847555
134	34.25356899651401
135	34.09522850349366
136	33.83817479402307
137	33.634605487351834
138	33.466977610114945
139	33.16239669122316
140	32.858625474787644
141	32.50771022540079
142	32.1894413040133
143	31.876194599711525
144	31.57562144419324
145	31.26558344769605
146	30.985957806115223
147	30.777832602346617
148	30.58012339152072
149	30.389370181645038
150	30.145720489680677
151	29.92908304333028
152	29.729222661454
153	29.550650270400666
154	29.379124657094692
155	29.214064596027065
156	29.05302664543855
157	28.895271151179244
158	28.738704429999242
159	28.58958752671226
160	28.443158306536418
161	28.298573512504746
162	28.15695996996807
163	28.016149114430505
164	27.875431513229152
165	27.73924188209468
166	27.607380633485768
167	27.47756104959629
168	27.350562527746032
169	27.226387184529848
170	27.10317442077687
171	26.9806311195252
172	26.859944042892472
173	26.73955897335436
174	26.620178398699274
175	26.500992410148545
176	26.382176082962555
177	26.24868829931503
178	26.106396981778776
179	25.968369005594205
180	25.824864780792314
181	25.69346695256198
182	25.5528821733649
183	25.443834713940984
184	25.33883294649054
185	25.236546042829513
186	25.136156897303824
187	25.03921725200732
188	24.944631580288576
189	24.850888517879614
190	24.757546985526396
191	24.665717487163462
192	24.57677849949924
193	24.48845128143069
194	24.402680322659748
195	24.317536843353746
196	24.232702436885496
197	24.14903770575945
198	24.066797541755044
199	23.985577314374197
200	23.9049809781799
201	23.82460518203972
202	23.74480603315859
203	23.66558741518844
204	23.5869341013544
205	23.508818840614982
206	23.43115398604249
207	23.353717385979834
208	23.27676388915295
209	23.20017748731294
210	23.124133500326206
211	23.04875894289333
212	22.974426692033123
213	22.90061295716807
214	22.8271144876801
215	22.754528564293008
216	22.682521704428442
217	22.611970743555016
218	22.54175780111506
219	22.471965780580046
220	22.402371775174064
221	22.334194990966843
222	22.266648623748708
223	22.199277635408567
224	22.133485069695283
225	22.068217473887877
226	22.003173030784144
227	21.938408334697684
228	21.874584692155487
229	21.811292649399462
230	21.748406865791306
231	21.686070496737326
232	21.624252959880238
233	21.562905939382446
234	21.50210796151107
235	21.44152749033058
236	21.381160890056062
237	21.321168295813205
238	21.262407236082982
239	21.203758464820865
240	21.145202742921406
241	21.087484684686117
242	21.030135351959906
243	20.973292438311063
244	20.91695784046631
245	20.86069565122302
246	20.805033398320372
247	20.749877438886116
248	20.694836370949737
249	20.6405482331358
250	20.58658370693984
251	20.53294157741775
252	20.47956352441471
253	20.426535212010272
254	20.37379293373501
255	20.32123042323443
256	20.269011734496047
257	20.217115401336127
258	20.165931211823146
259	20.11483026721848
260	20.064800232106094
261	20.015459166403087
262	19.966507492474953
263	19.917956771645628
264	19.870118864652305
265	19.822664471089894
266	19.775266833839233
267	19.728402676906693
268	19.681942366728624
269	19.63628196359156
270	19.590914711060748
271	19.546316675807724
272	19.50204972082114
273	19.45829879825918
274	19.41501694650038
275	19.371995726696888
276	19.32939110302727
277	19.287217541234654
278	19.245129879726264
279	19.203292947617676
280	19.161605456377895
281	19.12024655254809
282	19.079087341655903
283	19.03808293323122
284	18.99743423223939
285	18.957242694447885
286	18.917565636399804
287	18.878251431873046
288	18.83934494101469
289	18.80058980164989
290	18.762354105480554
291	18.724241664822415
292	18.6862079371279
293	18.6482001068866
294	18.610507755795226
295	18.573241802994048
296	18.536264736035292
297	18.499474948939643
298	18.463031488633455
299	18.42686181126699
300	18.390775520593206
301	18.35480115694581
302	18.319184156444756
303	18.283623997053834
304	18.248207272008095
305	18.21288850270581
306	18.177639257928426
307	18.142504627828835
308	18.107415239185528
309	18.072448469619438
310	18.03759943638646
311	18.00282378849403
312	17.968234894498558
313	17.93375862792845
314	17.899316854723725
315	17.864980495520523
316	17.8309059272305
317	17.796993844577358
318	17.763176312000034
319	17.729426299118646
320	17.695895245964206
321	17.662554395389392
322	17.629468577626294
323	17.596570746168837
324	17.564054896666686
325	17.53191821098177
326	17.499842994109148
327	17.467959340084622
328	17.43619597481878
329	17.40448364767689
330	17.372872906254656
331	17.341413927895907
332	17.309995132208407
333	17.278726766597405
334	17.2476239049403
335	17.21657964312863
336	17.185605541713564
337	17.154644882961314
338	17.123738180957535
339	17.09295584393176
340	17.062230151430903
341	17.0316077102278
342	17.001175803829312
343	16.970936867857958
344	16.941036522077248
345	16.91121016101709
346	16.881566547269987
347	16.851954366558154
348	16.822528380616195
349	16.793293325600974
350	16.76430273587773
351	16.735433374584982
352	16.70673704040412
353	16.67839932287714
354	16.650457535372006
355	16.62256226786769
356	16.594865680813733
357	16.56736132743335
358	16.540031130190915
359	16.51285067173516
360	16.485832650369783
361	16.458931093201258
362	16.432078544221916
363	16.40539862610102
364	16.378828646897293
365	16.352447856532862
366	16.326173012189393
367	16.299917786920986
368	16.27393037196192
369	16.248023120506296
370	16.222236079118478
371	16.196593929712705
372	16.170982169163747
373	16.14545694993278
374	16.120005736329055
375	16.094667541481847
376	16.069489826139836
377	16.044349948437635
378	16.019263466018817
379	15.994331373285345
380	15.96964015951546
381	15.944999010895371
382	15.920436194076373
383	15.895949421835024
384	15.871676135727355
385	15.847610078864179
386	15.82370387958261
387	15.799830520959192
388	15.776116244132236
389	15.75248067269993
390	15.728922089068092
391	15.705496813944364
392	15.68225429949575
393	15.65906514455215
394	15.635893233946414
395	15.612819688170738
396	15.589820343966753
397	15.566927900457095
398	15.544065805464209
399	15.521274238825407
400	15.498540851430137
401	15.4759907937403
402	15.453492550329685
403	15.43114379762494
404	15.408823607402203
405	15.386605813233281
406	15.364524791808249
407	15.342704231277725
408	15.321084624846929
409	15.299520309042894
410	15.278081480791105
411	15.256692486657652
412	15.23536983588726
413	15.214058344880208
414	15.192811068484946
415	15.171624150532915
416	15.150461849093675
417	15.129345856988103
418	15.108266640395014
419	15.087209946222387
420	15.066211985149012
421	15.045223778669122
422	15.024286841283661
423	15.00339296983127
424	14.98253317181694
425	14.961788435646415
426	14.941084320593337
427	14.920458911332823
428	14.89990890990279
429	14.879405929642392
430	14.858966330438303
431	14.838683392553726
432	14.818425647562893
433	14.798189582892208
434	14.777962170185269
435	14.757783172491624
436	14.737731926887927
437	14.717714613338108
438	14.697717099841018
439	14.6777777431509
440	14.65785269777869
441	14.637975100849294
442	14.618129636511378
443	14.59833671363933
444	14.578578893935335
445	14.558905922339047
446	14.539284035680442
447	14.519744216163136
448	14.500263496422873
449	14.48084245766413
450	14.461573578845492
451	14.44243271874144
452	14.423344588986291
453	14.404367511911628
454	14.385507022112193
455	14.366687199036537
456	14.347891921061716
457	14.32919970310456
458	14.310606655103829
459	14.292061561288062
460	14.273688525469899
461	14.255368343216153
462	14.237098159811703
463	14.21888076972041
464	14.20075602597568
465	14.1826482141837
466	14.164694331695324
467	14.146804306875598
468	14.129044043145138
469	14.111304260703616
470	14.09359665283092
471	14.075945049932349
472	14.058323706646908
473	14.040744221115741
474	14.023195612398712
475	14.005662139680913
476	13.98816725726682
477	13.970684212645725
478	13.95326309509318
479	13.935935010841769
480	13.918633463410861
481	13.901363118668591
482	13.884128295498332
483	13.86692426297196
484	13.84974556720283
485	13.832595057397441
486	13.815467721969261
487	13.798355622534503
488	13.781373809676762
489	13.764525030611047
490	13.747734521111465
491	13.731005255640566
492	13.714303595777443
493	13.697681842095305
494	13.681174405282674
495	13.664740004424736
496	13.648383412663975
497	13.632090325718016
498	13.615848587926385
499	13.599656117511916
500	13.583492855802437
501	13.567389536951298
502	13.551339056037815
503	13.535364064297756
504	13.519512837026797
505	13.503737188273213
506	13.488046307542893
507	13.472431740470352
508	13.456850484669758
509	13.44132872691455
510	13.425947047881982
511	13.410709101617384
512	13.395550785494262
513	13.380468871379831
514	13.365390949048336
515	13.350364377450589
516	13.335390819330923
517	13.320554495676923
518	13.30578886915866
519	13.291084786868568
520	13.27638634137643
521	13.261718859013046
522	13.247065714101659
523	13.232439045440206
524	13.217861049046192
525	13.203318930573765
526	13.18881598682881
527	13.174343959105126
528	13.159890788721016
529	13.145495539026573
530	13.131123417594651
531	13.11687914744575
532	13.102651464944138
533	13.088482500633205
534	13.074357475901452
535	13.060265758825913
536	13.046254781630537
537	13.032246568235944
538	13.018288684698785
539	13.00437494961478
540	12.990471462624908
541	12.976645606254207
542	12.962841436775044
543	12.949085365296353
544	12.93534524103058
545	12.92166417970309
546	12.908013561687207
547	12.894375639622657
548	12.880752482227953
549	12.867139815965416
550	12.853559147083617
551	12.84005827149361
552	12.82661324988338
553	12.813212907295428
554	12.799836827897789
555	12.786472918906524
556	12.773133555500664
557	12.759810247386895
558	12.746497622064348
559	12.733264125279488
560	12.720074737023628
561	12.70693652350605
562	12.69383485780812
563	12.680757570270282
564	12.667689976820943
565	12.654667048975837
566	12.64166269725227
567	12.62871550327859
568	12.615807092853924
569	12.602959335264485
570	12.590125633191192
571	12.577377918038836
572	12.564661668193603
573	12.55203458339171
574	12.539436827908812
575	12.526875901466134
576	12.514343535431163
577	12.501828421600901
578	12.489326694556143
579	12.476853746285622
580	12.464404395038128
581	12.451971235240938
582	12.439544708713475
583	12.42713985874543
584	12.414796152389826
585	12.40246863572088
586	12.390163808702258
587	12.377897580725609
588	12.365684539885617
589	12.353493296960714
590	12.341329699039628
591	12.329200953004717
592	12.3170877121027
593	12.304986937963946
594	12.292917971930466
595	12.280884118587906
596	12.26885244835979
597	12.256841152967398
598	12.244854852977618
599	12.232885458283434
600	12.220948697743736
601	12.209028455691683
602	12.19715326945928
603	12.18535538330185
604	12.173573855456604
605	12.161810110003545
606	12.150082105632357
607	12.13839547324523
608	12.126773295988448
609	12.115192029418088
610	12.103660548383912
611	12.0922008178594
612	12.080825475891714
613	12.069464249599857
614	12.058153587658325
615	12.046876712999163
616	12.035645607949087
617	12.024499394929993
618	12.013379964245901
619	12.0022627966335
620	11.991160358803368
621	11.980077450669189
622	11.969018289907204
623	11.957973072094127
624	11.946975442332251
625	11.936004023750568
626	11.925044866133877
627	11.914116062897198
628	11.903220487530053
629	11.892341536407358
630	11.881537664176452
631	11.870741672285845
632	11.859967680116101
633	11.849211628515564
634	11.83852778168965
635	11.827866498222551
636	11.81723775673404
637	11.806627418072338
638	11.796029476933828
639	11.785461918980925
640	11.774911591888777
641	11.764376729006244
642	11.753918103328523
643	11.743494826529641
644	11.733101956529666
645	11.722729917544152
646	11.712380817570505
647	11.702069413980754
648	11.69180664677604
649	11.681577486884887
650	11.671375349044055
651	11.661211001484325
652	11.65106352017764
653	11.640934372691001
654	11.630835946562323
655	11.62076126997812
656	11.610709232491391
657	11.600658877544335
658	11.590614051116482
659	11.580602323638551
660	11.57063302582748
661	11.560705951802126
662	11.550789623857792
663	11.54088819570794
664	11.531044561374515
665	11.521225809372824
666	11.511434965479554
667	11.501679721369367
668	11.491945192363422
669	11.482258389380394
670	11.472598321869217
671	11.46300407889538
672	11.453414810627683
673	11.44386534811507
674	11.434322632911815
675	11.424844968814012
676	11.415369664355492
677	11.405928508766012
678	11.39650887334259
679	11.387108702131455
680	11.377743220967995
681	11.368398888073587
682	11.359063703025884
683	11.34973457978283
684	11.340413372941697
685	11.331109874215084
686	11.32182094822155
687	11.312547061505683
688	11.303276432384015
689	11.294014611617456
690	11.284769532185873
691	11.275533836594771
692	11.266326936731637
693	11.25713984105096
694	11.247955801851152
695	11.23878268299902
696	11.229646913951862
697	11.220521649534552
698	11.211465510974573
699	11.202421286116058
700	11.193396323640822
701	11.184382999917315
702	11.175387520999179
703	11.166399079188642
704	11.157441899683917
705	11.14853514818247
706	11.139639237200196
707	11.130776259609046
708	11.121919106067164
709	11.113106158292839
710	11.104321105091913
711	11.095568347087148
712	11.086821048533738
713	11.07808324425028
714	11.069355402539735
715	11.060639143975797
716	11.051941038176999
717	11.043258452753632
718	11.034590634785843
719	11.025939353081606
720	11.017304485655549
721	11.008687586700185
722	11.000080413274004
723	10.991516987376187
724	10.981857766174562
725	10.972209783756984
726	10.962569733596306
727	10.952862820105496
728	10.943174793627797
729	10.933498995263164
730	10.923763580701019
731	10.91415014372334
732	10.90562395442059
733	10.897116217841502
734	10.888626630691256
735	10.88016985698707
736	10.871731191982875
737	10.863310569012965
738	10.854898367346687
739	10.846493765433927
740	10.83814600077751
741	10.829813902712496
742	10.821521795267316
743	10.81323804713741
744	10.804968250980837
745	10.796716709273735
746	10.788469200285785
747	10.780241412616947
748	10.772021064672604
749	10.763826232448496
750	10.755658203058589
751	10.747513823162512
752	10.739374090799908
753	10.731244665785379
754	10.723125494179738
755	10.715028505588954
756	10.706960793667607
757	10.698941898036168
758	10.690932193080751
759	10.682945318738403
760	10.675001223168216
761	10.667078624598414
762	10.659171002113704
763	10.651301349989232
764	10.643437539805754
765	10.63560403265819
766	10.627782109377868
767	10.61998091325697
768	10.612183488461914
769	10.604398856713882
770	10.596652647968236
771	10.588913134161642
772	10.581185505573314
773	10.573473171829487
774	10.565777791436988
775	10.558101089672396
776	10.550441143131325
777	10.542804711100842
778	10.53519142151116
779	10.527615131268627
780	10.520052217734765
781	10.51249819434267
782	10.504960124465038
783	10.497437454226526
784	10.489918446296368
785	10.482436205524216
786	10.474973131595808
787	10.46753991950575
788	10.46011557816663
789	10.45272148271736
790	10.44535181080424
791	10.437996301818739
792	10.430655343165348
793	10.423349459158786
794	10.416056965747464
795	10.408785365203434
796	10.401527200259116
797	10.394276241411731
798	10.387034757944653
799	10.379802943026629
800	10.372581320353195
801	10.36536957692728
802	10.358168386104701
803	10.350969517064534
804	10.34377904720635
805	10.336597951616671
806	10.329431787363474
807	10.32227026097221
808	10.31511670003025
809	10.307969703209052
810	10.300840731542351
811	10.293745906469868
812	10.286653689677033
813	10.279572680422582
814	10.27249751390454
815	10.265427616162011
816	10.25837652200985
817	10.251341912567652
818	10.244309193422104
819	10.237294086830087
820	10.230289046424835
821	10.22328906852587
822	10.216315605057144
823	10.209380462236407
824	10.202468562652726
825	10.195564269707015
826	10.188671309609777
827	10.181786416786974
828	10.174915090642369
829	10.168055988955208
830	10.161200366244227
831	10.15434717619655
832	10.147501233095884
833	10.14065950410084
834	10.133831667245474
835	10.127011282051585
836	10.120207855390925
837	10.113409287675621
838	10.106614226500545
839	10.09982059652646
840	10.093033738769087
841	10.086251871631077
842	10.079473857994808
843	10.07270111718047
844	10.065938092746563
845	10.059179426941741
846	10.052431349642728
847	10.045687377938075
848	10.038953921757743
849	10.032261414484402
850	10.025577490090413
851	10.01890435073672
852	10.012247608711647
853	10.005596229565743
854	9.99894701676594
855	9.992325131782797
856	9.985718899393245
857	9.97912503425059
858	9.972544676505539
859	9.965978561978462
860	9.959415500520187
861	9.952868755076809
862	9.946336652269816
863	9.93981731781275
864	9.933316085396546
865	9.926827715631026
866	9.920353975750503
867	9.913887105151497
868	9.90744276244254
869	9.901003715916442
870	9.894579963047835
871	9.88816981792008
872	9.881769268125806
873	9.875379541511531
874	9.869016087670268
875	9.862660023962224
876	9.856315917159662
877	9.849973059680279
878	9.843660468461911
879	9.837358257635554
880	9.831063610110851
881	9.824780668188238
882	9.818504453436619
883	9.812234892665431
884	9.805993671054393
885	9.799763908730045
886	9.793547235725136
887	9.78733346508339
888	9.781137409083712
889	9.774959735010032
890	9.768790612376405
891	9.762652813422463
892	9.756529753445163
893	9.750415828063202
894	9.74430658986504
895	9.738211641067618
896	9.732122654165792
897	9.72604319833949
898	9.719987904556222
899	9.713944616510231
900	9.707904159834149
901	9.70188235961126
902	9.695861682342922
903	9.689849345084959
904	9.683842454300386
905	9.67784494343077
906	9.671869768835933
907	9.66589857621718
908	9.659938166522686
909	9.653994526976152
910	9.648060581049975
911	9.642136361562164
912	9.636223267164903
913	9.630313284523677
914	9.624419258760184
915	9.618531348466806
916	9.612644316292984
917	9.606757769182913
918	9.60089126157544
919	9.595032027387788
920	9.589181947166981
921	9.583334211530902
922	9.577502928908476
923	9.571681047508934
924	9.565869861275328
925	9.560065816596687
926	9.554267739616892
927	9.548477336590508
928	9.54269656755958
929	9.536928035148971
930	9.531175047390198
931	9.525425492381046
932	9.519678149451687
933	9.513948459778474
934	9.508237460601324
935	9.502532736636336
936	9.496836461231338
937	9.491143595260521
938	9.485463116435612
939	9.47978406453222
940	9.474112665020549
941	9.46844623736019
942	9.462793365116212
943	9.457153314691318
944	9.451521386259914
945	9.445898662360229
946	9.440297049407919
947	9.434706720474868
948	9.429119572093612
949	9.423543322081697
950	9.417989607263316
951	9.412439970029572
952	9.406910310156611
953	9.401395755021973
954	9.39589324440306
955	9.390395118362278
956	9.384917709547572
957	9.37945660873911
958	9.373998755321049
959	9.368543658324436
960	9.36310465262469
961	9.357668470658536
962	9.352242802136876
963	9.346825942184566
964	9.341418369773919
965	9.336017750000432
966	9.330621648864696
967	9.325230417011214
968	9.319846816716934
969	9.314469827807963
970	9.309098360544795
971	9.303732926421338
972	9.298374468230783
973	9.29303866873977
974	9.287706427957142
975	9.282384749855186
976	9.27706461278904
977	9.271750098665482
978	9.266436358891891
979	9.261127474732758
980	9.255831703508532
981	9.25054011615241
982	9.245252588490061
983	9.239973658418066
984	9.234698737822571
985	9.22942730852922
986	9.224171967748807
987	9.218926759563201
988	9.213693131194013
989	9.208462224882604
990	9.203240976510017
991	9.198025602761033
992	9.192825001925264
993	9.187636138451893
994	9.182458981036728
995	9.177287837716037
996	9.172121184462332
997	9.166958568639913
998	9.161798396799112
999	9.156652808279732
1000	9.151521978162576

# METHOD: Shadow_Grouping
# Nshots: 1000
1	128.18720195554042
2	107.45277745691463
3	90.7255109496835
4	85.13866831994686
5	80.03686021606518
6	77.07947218377753
7	74.87649911323187
8	73.85499434262717
9	73.05676516793555
10	72.3147558775461
11	72.24898110725574
12	71.19000016448447
13	70.61180796505685
14	69.59551511390612
15	69.0520187942223
16	65.20820826462187
17	62.75752558621084
18	61.867420583373644
19	60.98442615191517
20	61.15783924282696
21	61.23081455578144
22	61.09877528779012
23	61.27753032283097
24	61.2139423340808
25	61.40344997642924
26	61.56658366797303
27	61.68934768087082
28	61.54765071890632
29	61.14461073196215
30	61.05443190194316
31	61.04187731067312
32	60.51244468047167
33	60.4486056658388
34	60.44199131702443
35	60.46218549589524
36	60.32186328730961
37	60.2282788643156
38	59.35502684060385
39	58.79855041025209
40	58.31393310524257
41	57.93473364644445
42	57.61692367151105
43	57.36046157556144
44	57.20853089964737
45	57.012541072367796
46	54.99106576099215
47	53.369770905293436
48	52.49596405946692
49	51.77554763064146
50	50.40714442836819
51	49.194636885058124
52	48.195275134458136
53	47.850737593972084
54	47.074704739596875
55	46.65696200443645
56	46.275452682721856
57	45.699761306052174
58	45.18476182039287
59	44.619022858262866
60	44.33380750315202
61	43.9424153240433
62	43.691143050338404
63	43.32077476627099
64	43.025684227703564
65	42.77003804790916
66	42.53160682945823
67	42.29595416459055
68	42.04731044746915
69	41.83220677527972
70	41.63761447496748
71	41.47051329454195
72	41.29779346269111
73	41.1165811916361
74	40.977241372594825
75	40.83319591946497
76	40.70361378178583
77	40.5614327836649
78	40.508290071105336
79	40.457958983261065
80	40.327929539347096
81	40.21008942408836
82	40.10263785642022
83	39.98096649382249
84	39.89026399461119
85	39.78614012745336
86	39.69064882403003
87	39.602848284137416
88	39.60743975149993
89	39.61360883963372
90	39.34884864959333
91	39.27421140316344
92	39.21306891229361
93	39.12677998963284
94	39.03820907462876
95	38.94494130021995
96	38.892580270932676
97	38.84749904921685
98	38.76446828041249
99	38.670718079853316
100	38.580108504433134
101	38.466988291089955
102	38.36088881306889
103	38.24729292032028
104	38.140957770017636
105	38.0406846493513
106	37.94616399710404
107	37.86104648735159
108	37.78000747777529
109	37.67389755468307
110	37.57447511620343
111	37.480600095884085
112	37.37860842831548
113	37.282415867933025
114	37.191735091633795
115	37.11269277762348
116	37.029511997055046
117	36.77031451458564
118	36.682908459644224
119	36.5928901390813
120	36.51046629876985
121	36.41155013560377
122	36.32347263937675
123	36.24755567704812
124	36.172792731225954
125	36.09849477811422
126	36.040780644166425
127	35.97477731704256
128	35.662613471579725
129	35.35147418801092
130	35.148530342232945
131	34.880614794692924
132	34.61140109456268
133	34.412142208847555
134	34.25356899651401
135	34.09522850349366
136	33.83817479402307
137	33.634605487351834
138	33.466977610114945
139	33.16239669122316
140	32.858625474787644
141	32.50771022540079
142	32.1894413040133
143	31.876194599711525
144	31.57562144419324
145	31.26558344769605
146	30.985957806115223
147	30.792790851242422
148	30.56056848009752
149	30.333704090710125
150	30.092549797365752
151	29.950472311944065
152	29.81028990930035
153	29.66424218073233
154	29.51822710471053
155	29.324521650972592
156	29.145072565924522
157	28.986385667089873
158	28.829558255834687
159	28.659526587295716
160	28.498696266985814
161	28.338074513035174
162	28.197833650592763
163	28.030207055970383
164	27.857929497476665
165	27.707031187239135
166	27.545781159303857
167	27.395545502413064
168	27.295313648898023
169	27.19306486865612
170	27.09818937418383
171	27.002453425941326
172	26.860272940417463
173	26.713694639847635
174	26.573804748996626
175	26.452879868646555
176	26.333156801234257
177	26.195216194288072
178	26.078816011782738
179	25.96671074622971
180	25.85433482686364
181	25.732306784810678
182	25.631575834519126
183	25.528623106223723
184	25.424772774192398
185	25.321407950395084
186	25.23446700802011
187	25.148480213060786
188	25.06339979506347
189	24.97899491661907
190	24.898755671948127
191	24.819193042597483
192	24.741825760838193
193	24.658876567246946
194	24.594236478347987
195	24.530925354458308
196	24.468664714616754
197	24.405302271845876
198	24.302882643786717
199	24.20537888310115
200	24.11035795453097
201	24.008534712571514
202	23.925238480672483
203	23.850378047543636
204	23.78290176804996
205	23.704000358586043
206	23.64232087885149
207	23.578578600730125
208	23.492520352338715
209	23.425878268716154
210	23.363365098520454
211	23.289632122219505
212	23.2289370865581
213	23.15924414054457
214	23.09713674659897
215	23.035074928893316
216	22.9679919254978
217	22.906814268546313
218	22.819963201704685
219	22.73862093631928
220	22.660407450384284
221	22.57767401325821
222	22.510985467540685
223	22.41459822365081
224	22.333517566974386
225	22.24488611314518
226	22.18338540953747
227	22.11728908525733
228	22.057159276071026
229	21.99736272339731
230	21.94742579482431
231	21.89855527040345
232	21.853386491320233
233	21.808660584798297
234	21.745272466909025
235	21.68270947710874
236	21.62242719093433
237	21.548492843251488
238	21.491478691194303
239	21.434850059304598
240	21.367384272850863
241	21.29604639152635
242	21.237596416379873
243	21.17875443773671
244	21.120750715893678
245	21.063171144308633
246	21.02112116096258
247	20.979413087750334
248	20.937875254062575
249	20.89667661592691
250	20.861016740046388
251	20.820879526306314
252	20.78585277158865
253	20.74927155863167
254	20.678234534190647
255	20.61009719621682
256	20.540839845776187
257	20.47889005018833
258	20.413426895321383
259	20.351405756635746
260	20.28815451491075
261	20.231534163712908
262	20.1811467509996
263	20.129196372196557
264	20.083162160671353
265	20.031578374730334
266	19.97843852092903
267	19.926618867816373
268	19.877330895271715
269	19.8194124146546
270	19.78024462440281
271	19.739929296453994
272	19.698963482019348
273	19.650183435404124
274	19.613095474873788
275	19.57765156767452
276	19.539613956121514
277	19.501842899250725
278	19.464327932372317
279	19.42729361758731
280	19.392826301750677
281	19.35802288820163
282	19.32967487272362
283	19.301478665438268
284	19.2709562200591
285	19.240907299405894
286	19.202028189074653
287	19.16297556129822
288	19.12428362432098
289	19.08477146628294
290	19.04646589591059
291	19.008729371886712
292	18.965305928434883
293	18.924528969361937
294	18.888742950445
295	18.849458868016686
296	18.808044813350875
297	18.77056442269224
298	18.727618784027374
299	18.689771486990306
300	18.65271871298343
301	18.615733113075304
302	18.579099765532987
303	18.543101945382872
304	18.507709741917445
305	18.47289532079064
306	18.440577661485396
307	18.408703624544952
308	18.377253287991064
309	18.346208032009503
310	18.30748382515753
311	18.269247465882177
312	18.231211216017105
313	18.192612506182662
314	18.164378944664595
315	18.136308274198708
316	18.108188006886717
317	18.080183307180942
318	18.054290799092623
319	18.02846115899277
320	18.0040243772905
321	17.979650417883906
322	17.95383851891306
323	17.92817192216026
324	17.903645050677447
325	17.87920345194853
326	17.850919897224532
327	17.8212966871239
328	17.786308415860503
329	17.756650296996128
330	17.729680476241953
331	17.698331008830333
332	17.67035481508785
333	17.637046251348234
334	17.6070082092297
335	17.5796156214059
336	17.552317353992386
337	17.523356955524513
338	17.495758692433505
339	17.471040645229603
340	17.43144409576321
341	17.39940656968231
342	17.37467216563739
343	17.35152233656824
344	17.328696742153298
345	17.306533564542207
346	17.272201332126183
347	17.238648109368906
348	17.20654606873614
349	17.173461972971108
350	17.140431463792428
351	17.1083264589986
352	17.07572784304191
353	17.040944871016535
354	17.010802474743308
355	16.98152239587559
356	16.94856722605983
357	16.91869904430013
358	16.896558953936474
359	16.874997291807386
360	16.853531623936085
361	16.832635244414682
362	16.79802124366745
363	16.764646020309886
364	16.73122247287431
365	16.697650086516177
366	16.675085948924874
367	16.651099035235674
368	16.628953374431045
369	16.606867947020646
370	16.584572654763925
371	16.562628267452073
372	16.54065492021722
373	16.516211812537616
374	16.493870752340364
375	16.468948114406157
376	16.44504164003824
377	16.423161820074775
378	16.399527758288563
379	16.377347507711328
380	16.353956905268486
381	16.32985725448099
382	16.29164483847116
383	16.267098369069156
384	16.23877843305037
385	16.211130532695773
386	16.18757264341369
387	16.151775123932335
388	16.12734615210899
389	16.106394830893223
390	16.08621498680377
391	16.069050947142095
392	16.05201902526163
393	16.034970186376956
394	15.994359303372331
395	15.961340076518319
396	15.927873752281451
397	15.89831191804633
398	15.87188468058817
399	15.845242142657412
400	15.816926168673914
401	15.790001322735652
402	15.771110123478943
403	15.752254500912777
404	15.73353266123472
405	15.71486328029053
406	15.688982583770397
407	15.663455110681205
408	15.638266963058516
409	15.618958865519163
410	15.599995286453613
411	15.58218655006949
412	15.564680274816416
413	15.547032966080515
414	15.530112287100653
415	15.512579026982854
416	15.495226577552462
417	15.478061680114344
418	15.453832549457712
419	15.429794771876628
420	15.405896127659007
421	15.381995477308203
422	15.353110514531707
423	15.32757938465485
424	15.302311342275567
425	15.271348284949081
426	15.249812276718202
427	15.228452386245918
428	15.20750813279755
429	15.185565657796037
430	15.164490660536517
431	15.143896262357588
432	15.122419129853911
433	15.100895363553388
434	15.074593227017294
435	15.055516262655981
436	15.035064556337078
437	15.009421796374726
438	14.98911760037254
439	14.967260749143215
440	14.947675351508362
441	14.928007575264681
442	14.912540630118835
443	14.897222515767272
444	14.88192158785974
445	14.866769463667076
446	14.844300976459039
447	14.822125740783038
448	14.801970576513531
449	14.781778967208512
450	14.765510341124214
451	14.746690290814088
452	14.731138544315385
453	14.715417188753248
454	14.699816978857994
455	14.684438896663458
456	14.668404308325158
457	14.653158650579265
458	14.63596240113621
459	14.617034655348247
460	14.599765763656546
461	14.575335631622222
462	14.558853238539616
463	14.540229370339842
464	14.519300813209743
465	14.50092345591323
466	14.47709164662809
467	14.462579800895142
468	14.448179256652548
469	14.424303719895525
470	14.410546295417284
471	14.398623103671659
472	14.387069340395119
473	14.375604363976896
474	14.354161791392812
475	14.334358092170937
476	14.314627792170736
477	14.294747436372619
478	14.276067641154306
479	14.2577477696958
480	14.239313609420527
481	14.22081792193145
482	14.201539814526512
483	14.181834135817084
484	14.160958809762679
485	14.140759211309334
486	14.125754157865405
487	14.107044324945042
488	14.090235856678488
489	14.073990816888216
490	14.056694175788962
491	14.037592704192292
492	14.021627575078917
493	14.004990809862305
494	13.988486092028321
495	13.97155359278284
496	13.955418681062735
497	13.938808127339142
498	13.91815262000649
499	13.897468626203707
500	13.879976114530836
501	13.856565743901742
502	13.843274474858852
503	13.830616940510652
504	13.817493020363315
505	13.802258962515365
506	13.789654067397308
507	13.774664446050561
508	13.761634350000229
509	13.748789992134201
510	13.73497847945767
511	13.72207405818158
512	13.709432350277346
513	13.696652588718509
514	13.682999203842451
515	13.670258729952568
516	13.656675053812739
517	13.643146136308237
518	13.626095910194199
519	13.608486431733665
520	13.594527575332284
521	13.574016866309211
522	13.558137160892064
523	13.537891712458578
524	13.522205552423038
525	13.509906549711475
526	13.489798585835908
527	13.470184138780443
528	13.449350041468312
529	13.432874356426556
530	13.41387205432604
531	13.398056229229828
532	13.386175083951608
533	13.374313202559494
534	13.362591692705795
535	13.350900909237813
536	13.335403040803222
537	13.320072311975064
538	13.305596516842439
539	13.290476668650143
540	13.274400732365269
541	13.258927194161384
542	13.243028034822698
543	13.228570544548159
544	13.217008788593697
545	13.205460710530259
546	13.190484354117723
547	13.175653229266608
548	13.161052540288484
549	13.14639929628866
550	13.135590640400054
551	13.124854632821785
552	13.11415236820322
553	13.103522651580409
554	13.093317939785065
555	13.083208112257108
556	13.06591485109061
557	13.056075545521184
558	13.038788016454772
559	13.028629147004114
560	13.018516085810365
561	13.00863161784329
562	12.989221861787634
563	12.971789455307553
564	12.954441229769147
565	12.937083347583325
566	12.921923820851969
567	12.907518881805972
568	12.89081580151496
569	12.877131900216423
570	12.86363429598886
571	12.850147808595265
572	12.836325135364842
573	12.821586714282077
574	12.8119865706831
575	12.802476632852086
576	12.793158195180649
577	12.784045064612382
578	12.773301893096306
579	12.761331600427757
580	12.751390856091987
581	12.741516049069176
582	12.730853490271032
583	12.71740833367432
584	12.70738132894413
585	12.694018389159112
586	12.68403338814412
587	12.671645775008503
588	12.659336769908522
589	12.648253799266884
590	12.63436408196743
591	12.625436859117865
592	12.615232072276427
593	12.605415725198164
594	12.597075505906925
595	12.587310728422425
596	12.57918197150303
597	12.5694847769672
598	12.5562809590368
599	12.542052352148808
600	12.5269560692406
601	12.512122040047274
602	12.49731705033414
603	12.485564081566675
604	12.473744547994707
605	12.459589998735002
606	12.450117268056047
607	12.440765171552119
608	12.431262066159631
609	12.42194325742309
610	12.412518486902853
611	12.403528976604548
612	12.394142013903512
613	12.385024500897003
614	12.37597948031738
615	12.366950337422944
616	12.3580076063522
617	12.349080517174366
618	12.340089288854903
619	12.331165472515593
620	12.322220836380408
621	12.313255532542193
622	12.304162842263885
623	12.29509505261883
624	12.286139315507262
625	12.277167573854479
626	12.265049566860878
627	12.252655654231686
628	12.239151802236368
629	12.22722149276375
630	12.213865307555963
631	12.201435806939493
632	12.189203606276713
633	12.177265478674647
634	12.165542423627784
635	12.153590308787695
636	12.140679701885102
637	12.128545115214132
638	12.115255508829843
639	12.102092903142015
640	12.091031658808056
641	12.079028004997976
642	12.067008700858526
643	12.057325723645382
644	12.046015913403041
645	12.034761036783584
646	12.027042624302137
647	12.018559669906788
648	12.010128443589133
649	12.001719782469857
650	11.989344535364758
651	11.976612533855464
652	11.964097398786988
653	11.950053392216
654	11.937974793957478
655	11.92597645975556
656	11.914672782602258
657	11.903350324206116
658	11.895337819457662
659	11.887947360137945
660	11.880754583997591
661	11.873495712412401
662	11.859435791911181
663	11.849528715139186
664	11.839595953376408
665	11.82903409505525
666	11.820560807988194
667	11.810942026315828
668	11.798375294845775
669	11.789026743868199
670	11.780985462313824
671	11.773006243851622
672	11.76043766570157
673	11.748357836956353
674	11.737643527206847
675	11.726989254842431
676	11.716420843447903
677	11.705918822495923
678	11.694881893189784
679	11.68289784058289
680	11.671718685299915
681	11.658850057344301
682	11.648837201925224
683	11.637289385048483
684	11.627530563132401
685	11.617640635998756
686	11.608140063175249
687	11.598319513680739
688	11.587844543811872
689	11.578518907986485
690	11.56792107818661
691	11.558548824468614
692	11.548226974460697
693	11.53866759350031
694	11.528984414806231
695	11.519829741726692
696	11.51062022482814
697	11.50165494005554
698	11.49423096388327
699	11.486821706277668
700	11.480326144722522
701	11.474013375791053
702	11.464739827732142
703	11.455217511349524
704	11.446371990879474
705	11.43760829433368
706	11.427955987845817
707	11.417504220925307
708	11.407739927549335
709	11.39786103246674
710	11.38871242283559
711	11.380322912730053
712	11.371310466581507
713	11.363043236019633
714	11.354161370148631
715	11.345348188630727
716	11.337422247065264
717	11.32938419508027
718	11.320505005319124
719	11.310206791668602
720	11.303280629096072
721	11.295281912638407
722	11.287789243486412
723	11.280202166259523
724	11.270403316141877
725	11.263067772112205
726	11.255732547767284
727	11.24874047819712
728	11.24117407823653
729	11.233653407741574
730	11.226767631524472
731	11.21945609568958
732	11.210781214743745
733	11.202097569906373
734	11.191344022099958
735	11.181130765566527
736	11.168551067765765
737	11.155272713978524
738	11.145139387960166
739	11.135973495931418
740	11.126710713855305
741	11.117405680421522
742	11.110652943863904
743	11.103293107723983
744	11.095954636395753
745	11.088692321974886
746	11.08152311437849
747	11.074319753070279
748	11.067136270310012
749	11.0605701352458
750	11.054574065981226
751	11.048419570800828
752	11.041741091654458
753	11.035560342528854
754	11.02496793114039
755	11.013620971217344
756	11.001948875815431
757	10.991583401641227
758	10.983936898400257
759	10.975284019931442
760	10.968633248685618
761	10.960023278322875
762	10.952371621763259
763	10.945011500203806
764	10.937360925854453
765	10.926063063467046
766	10.917137882567586
767	10.908246717932427
768	10.899323976244556
769	10.887860544168118
770	10.881495839516388
771	10.875116124800574
772	10.868781728949125
773	10.863027901533421
774	10.857083579579987
775	10.8473662948992
776	10.841562787523507
777	10.835689614006089
778	10.829756420699775
779	10.823865235142094
780	10.815326403456039
781	10.809512375660507
782	10.799095585622663
783	10.789922940781748
784	10.77959951373338
785	10.770695323240147
786	10.761606626943923
787	10.7533943833581
788	10.744377179254432
789	10.735397176758331
790	10.72713632178556
791	10.717787160917787
792	10.709187319626473
793	10.700568319310618
794	10.692474967620026
795	10.684282432906633
796	10.676767661650405
797	10.6695549079308
798	10.661733718020455
799	10.654775273068882
800	10.647202763614482
801	10.640011867337707
802	10.634037234167787
803	10.628061731362418
804	10.622167867781773
805	10.616301854870965
806	10.610946201316631
807	10.605730700089621
808	10.600772323930196
809	10.59582828616324
810	10.590300899926236
811	10.584851730239903
812	10.579522289676664
813	10.574162298020143
814	10.56475456839656
815	10.556964378689312
816	10.55011653812025
817	10.541940013341158
818	10.53576461239237
819	10.527652778571237
820	10.520554160968505
821	10.511980307687429
822	10.504276842515017
823	10.49578978309689
824	10.487383302301623
825	10.479696855333824
826	10.474114156380585
827	10.468543316532497
828	10.463052511109215
829	10.457617172665252
830	10.452095972929852
831	10.446612763323866
832	10.441183333352404
833	10.435664284298957
834	10.430233932249344
835	10.42477839372632
836	10.419251693088144
837	10.413739188981445
838	10.408324745921792
839	10.402827804175848
840	10.397390382244694
841	10.39193410800047
842	10.384602830506816
843	10.375194484735218
844	10.367651961809756
845	10.36015845199413
846	10.35402068454412
847	10.347583056493372
848	10.339868966143364
849	10.33336512194846
850	10.326226832099161
851	10.31948006127769
852	10.314020671228649
853	10.308417164587679
854	10.302846356811893
855	10.295708495807803
856	10.289141668331837
857	10.282638417549792
858	10.275742992388604
859	10.268884798107425
860	10.263124683794018
861	10.25657097435977
862	10.251322367680183
863	10.245544557990936
864	10.240358405751586
865	10.235166721258876
866	10.229760109650885
867	10.224381241087059
868	10.21903817459115
869	10.213687092667096
870	10.205910868216472
871	10.198107814483361
872	10.190793725313583
873	10.18353976060004
874	10.174732700943455
875	10.165856627122412
876	10.157117608497552
877	10.148410683779147
878	10.14316840260119
879	10.138000011099686
880	10.132756811435717
881	10.1275713886465
882	10.122953597283178
883	10.118211716856127
884	10.113106187146457
885	10.108032768967037
886	10.100134841865552
887	10.092782125756665
888	10.084972473754155
889	10.077098322987753
890	10.069287406358258
891	10.06266881224479
892	10.056106277906364
893	10.05063658935912
894	10.045135957688274
895	10.038669674670173
896	10.03157815637265
897	10.025430748816632
898	10.01886033887518
899	10.01261600217714
900	10.006134909865064
901	9.99996157864625
902	9.993628407490453
903	9.987382875788063
904	9.979883669564346
905	9.973457910964406
906	9.967213943135183
907	9.960593524875023
908	9.954443175046976
909	9.947769596709946
910	9.940291568927456
911	9.933472227861765
912	9.926620702478639
913	9.91908864742037
914	9.912226619139252
915	9.905507535346757
916	9.898841009351933
917	9.891978997648181
918	9.884834944832464
919	9.87885399722611
920	9.872055010680132
921	9.866075280530337
922	9.857445678704037
923	9.8482529052242
924	9.841366902290753
925	9.834803711729995
926	9.828015390183676
927	9.82187242382046
928	9.8149562935058
929	9.809488405202428
930	9.804027414804883
931	9.798572751733463
932	9.793830504727019
933	9.788911554038314
934	9.78285570148271
935	9.77803897227366
936	9.773890855229315
937	9.768839936014635
938	9.764061391299869
939	9.758647182110384
940	9.753223562131796
941	9.748994165197788
942	9.744627361129307
943	9.739852577785086
944	9.735106684152376
945	9.73038879815413
946	9.72396238966928
947	9.717038521393418
948	9.71058938541071
949	9.703717146428447
950	9.697292322400575
951	9.689560778959526
952	9.681805452522598
953	9.675418892351733
954	9.67082849402168
955	9.66622067596216
956	9.661664901089832
957	9.654848627373836
958	9.649978495301967
959	9.64549386365109
960	9.641081370135424
961	9.636594311577747
962	9.631746383419472
963	9.626946939769715
964	9.622195045982894
965	9.617430494695418
966	9.612928078229741
967	9.608449637200867
968	9.604412961385531
969	9.600355981753852
970	9.594803392067004
971	9.588848641868228
972	9.583317957872069
973	9.5778027746653
974	9.572510631544919
975	9.56621121656676
976	9.56154308664145
977	9.555824480087713
978	9.550060377670023
979	9.544740770075869
980	9.538596920837069
981	9.533398650193007
982	9.52736386233434
983	9.522258033959645
984	9.517764988766823
985	9.512570037324696
986	9.508439915130092
987	9.503611485132758
988	9.497535442817846
989	9.49240141723492
990	9.486578182715116
991	9.480835889728413
992	9.47654639938979
993	9.472346533033978
994	9.465417898388118
995	9.45796364258296
996	9.452186557637413
997	9.44548490990623
998	9.439847567057514
999	9.434158797990099
1000	9.428520821773823

# METHOD: Priori
# Nshots: 1000
1	794.7208084925387
2	1040.6904730612794
3	1241.0493863279594
4	1368.601467634219
5	1485.7805025383382
6	1589.1667009611847
7	1674.3094005582475
8	1751.0242017891032
9	1830.4756172556665
10	1835.9882749503895
11	1896.9274669755791
12	1944.128212062746
13	1981.5864479153358
14	1988.606992162436
15	1998.166524860681
16	2028.4769772409084
17	2020.0865000463614
18	2002.331836475157
19	2024.0997761143508
20	2049.919075272485
21	2050.1293441047123
22	2052.005254622835
23	2073.9463961996444
24	2055.612587529253
25	2066.3388202594456
26	2082.4587184636644
27	2084.158915396533
28	2089.2200351787988
29	2105.0943027698663
30	2086.6507291864077
31	2086.8635845202607
32	2096.4489314344537
33	2095.8967843598884
34	2095.0815185102833
35	2083.3973426218586
36	2096.1498360976093
37	2109.248655610786
38	2107.8604113500996
39	2106.463034823656
40	2127.274028458915
41	2141.8798766589603
42	2140.1160674620774
43	2140.9111887473614
44	2139.4224115583356
45	2148.950416327015
46	2150.4656852473013
47	2144.802233813536
48	2155.6863716501057
49	2153.2355664341862
50	2145.739933136065
51	2149.2661328452887
52	2147.971063695032
53	2144.037344859347
54	2145.875703001529
55	2165.8339364489057
56	2176.933658154022
57	2190.31438262475
58	2189.9923842705944
59	2204.3960967011194
60	2207.740068962468
61	2234.6107510593456
62	2232.3070660696894
63	2232.7317938689516
64	2234.0302924089765
65	2242.099555679494
66	2255.613143207715
67	2265.745038281383
68	2258.444552316439
69	2250.8208877314755
70	2243.7084607955126
71	2237.4276407086872
72	2243.540495827794
73	2262.005136025521
74	2262.3178630139464
75	2263.671297444953
76	2268.875345060508
77	2280.9547768554708
78	2278.8197131865454
79	2281.9685791669
80	2283.8579972304988
81	2287.329473673598
82	2287.9856042205756
83	2288.4531236305666
84	2286.542997672695
85	2292.775036660599
86	2286.3500903423983
87	2286.4698347031995
88	2281.463596231889
89	2279.867606095598
90	2278.478179625636
91	2279.000983799963
92	2277.927775740986
93	2274.8337138432007
94	2272.626809280523
95	2264.6569450506845
96	2260.475741579793
97	2260.002294322808
98	2259.479740045525
99	2257.4526148740592
100	2253.3861213635787
101	2250.4651420054333
102	2238.884708961019
103	2232.747755659286
104	2230.959307380836
105	2231.8945530460214
106	2225.566024582555
107	2225.117740697471
108	2222.783242307384
109	2224.8286376535293
110	2220.130602253145
111	2216.832518301672
112	2216.946600049184
113	2215.9765683414766
114	2217.0543332681277
115	2215.6839952462533
116	2213.7698109388666
117	2217.2433250659797
118	2210.472593521524
119	2203.395801819802
120	2199.8227430059474
121	2198.9826160226794
122	2196.893056015114
123	2196.416517489539
124	2189.866194371321
125	2190.198619099985
126	2191.9818847120564
127	2187.0856069696583
128	2186.2218900626885
129	2181.2628567748734
130	2179.6648683964504
131	2172.3775493941753
132	2166.948234577967
133	2162.2201401482967
134	2152.752556909409
135	2147.5437265091855
136	2140.4760111399196
137	2129.721801322531
138	2123.2635368568735
139	2120.5847119659225
140	2119.050962737907
141	2113.2212130423545
142	2108.379924697989
143	2103.7138712573887
144	2101.558811980726
145	2095.576277118666
146	2086.020533376508
147	2068.3259484663304
148	2054.742799599273
149	2042.7026217038056
150	2031.105480624782
151	2019.7208841951865
152	2008.4921050731996
153	1997.4265486121205
154	1986.2357525534744
155	1975.3799061279342
156	1965.1371900120857
157	1955.6219785331987
158	1946.1906318822103
159	1936.949358464543
160	1927.8265408767911
161	1918.7439486259177
162	1909.740238311219
163	1900.9337582889075
164	1892.1678635260018
165	1883.8484796724474
166	1875.592315519059
167	1867.5368185268148
168	1859.5746918263824
169	1851.6803075982275
170	1843.8147331194473
171	1836.148178887796
172	1828.6321099654947
173	1821.1846659330295
174	1813.774786898551
175	1806.4190898230581
176	1799.075356994782
177	1791.8141429750658
178	1784.6169650179586
179	1777.534566717901
180	1770.494968742385
181	1763.5444282786798
182	1756.640253079126
183	1749.7483145654076
184	1742.925615215777
185	1736.1400759629564
186	1729.4828054131399
187	1723.0246166496918
188	1716.5830683808013
189	1710.2581149117173
190	1703.9427353555534
191	1697.6650520355997
192	1691.4312753414838
193	1685.2255511008361
194	1679.0361822521004
195	1672.8617226302385
196	1666.7210146634945
197	1660.6636742892165
198	1654.6697494012478
199	1648.713342074688
200	1642.809115914016
201	1636.9127480139596
202	1631.0535106059342
203	1625.2961501341435
204	1619.5562095800883
205	1613.847621950811
206	1608.1600695018283
207	1602.522463567838
208	1596.8920021215165
209	1591.2853169220994
210	1585.7297814445715
211	1580.2964431847695
212	1574.9235319068912
213	1569.6002642352275
214	1564.333417573453
215	1559.0806628556713
216	1553.8454422583977
217	1548.6202072353049
218	1543.4617044866923
219	1538.3463710475194
220	1533.251412481284
221	1528.2975779028889
222	1523.4200779964808
223	1518.5712568228262
224	1513.755466223442
225	1508.9494633090208
226	1504.1969440945456
227	1499.478958970235
228	1494.7686755432014
229	1490.119724483602
230	1485.4936452129798
231	1480.9349022459903
232	1476.38887523642
233	1471.2123508783611
234	1466.7414983573437
235	1462.3213737336087
236	1457.9959530287947
237	1453.7120770928707
238	1449.4894292388376
239	1445.3366306501691
240	1441.2251054359044
241	1437.1283344072756
242	1433.0742569447902
243	1429.0386743544059
244	1425.0419669435555
245	1421.056110520256
246	1417.1196112798661
247	1413.1931916884257
248	1409.337957632021
249	1405.54520589088
250	1401.7683789923494
251	1398.0355605665181
252	1394.3230228919047
253	1390.6625163978995
254	1387.0204230233073
255	1383.39293722377
256	1379.7932199526235
257	1376.2331447065153
258	1372.6732156192093
259	1369.1334434215353
260	1365.6053476324666
261	1362.108626620649
262	1358.6274666606926
263	1355.1738058042351
264	1351.7257619781094
265	1348.2885747189916
266	1344.9359600872067
267	1341.6225103693475
268	1338.3426568826862
269	1335.0649486282664
270	1331.7994110855016
271	1328.5371587398006
272	1325.2978598638986
273	1322.0759429667735
274	1318.8777245464594
275	1315.7246220484785
276	1312.582169029025
277	1309.465950391841
278	1306.3517239603539
279	1303.2422567770636
280	1300.1679997371334
281	1297.1009949786735
282	1294.0470603557465
283	1291.016110551033
284	1287.9947198812893
285	1284.9956199166304
286	1282.0194668814588
287	1279.0632554254275
288	1276.1398411499542
289	1273.234019167025
290	1270.3411352974108
291	1267.4541604169679
292	1264.6312550725158
293	1261.8185093526013
294	1259.0309039371277
295	1256.2564419274627
296	1253.4876184938248
297	1250.7320908630938
298	1247.9850188612206
299	1245.2670964053007
300	1242.5590014951647
301	1239.8544753678202
302	1237.1627450097626
303	1234.5191781082335
304	1231.887218173642
305	1229.279522773811
306	1226.6935753713933
307	1224.1194576270163
308	1221.5546508092114
309	1219.0089045891234
310	1216.491203086791
311	1213.9875234732672
312	1211.4881346465006
313	1208.9965175426921
314	1206.5079125020102
315	1204.0402225503062
316	1201.575455081864
317	1199.1306927818446
318	1196.6890683311742
319	1194.2596953037782
320	1191.8446790390615
321	1189.440341472965
322	1187.0394826510371
323	1184.6434159264259
324	1182.2794188212458
325	1179.9319640403346
326	1177.6060816205363
327	1175.286383345234
328	1172.9940153863897
329	1170.7036604084522
330	1168.4155415181606
331	1166.1326640338598
332	1163.8744724176668
333	1161.6174297870384
334	1159.372105498806
335	1157.1297460391827
336	1154.8961428727855
337	1152.6684680678516
338	1150.4700827438332
339	1148.2930627462074
340	1146.1198970373785
341	1143.9605206304916
342	1141.819561954535
343	1139.6908873344212
344	1137.5706459150879
345	1135.4556532461952
346	1133.3465690953765
347	1131.255914339973
348	1129.1895247560196
349	1127.1273804920725
350	1125.0689103120021
351	1123.0244276448552
352	1120.983639855136
353	1118.955603836668
354	1116.9305764723313
355	1114.918414428038
356	1112.9154341635765
357	1110.9194199192598
358	1108.9359882020199
359	1106.9610131710483
360	1104.9862422476433
361	1103.0117351580657
362	1101.0454416567875
363	1099.0909192368322
364	1097.139054360256
365	1095.189969366697
366	1093.2457783349514
367	1091.3493722974836
368	1089.468836067148
369	1087.5891767069916
370	1085.7133083349063
371	1083.840233406014
372	1081.971742588679
373	1080.1178468008313
374	1078.270655098151
375	1076.4404856423635
376	1074.627427410306
377	1072.814611099861
378	1071.0037884817812
379	1069.2006191969679
380	1067.4212246895495
381	1065.6431606340545
382	1063.8700714276997
383	1062.112583023083
384	1060.3687694932387
385	1058.6298078162433
386	1056.898199082863
387	1055.1697517042285
388	1053.4636091547522
389	1051.7722497997443
390	1050.0866779980015
391	1048.4016445938676
392	1046.7291672837298
393	1045.0576932614715
394	1043.3954473725512
395	1041.739699357604
396	1040.0849954796067
397	1038.4306803361817
398	1036.789524886947
399	1035.1534655938271
400	1033.5253737366174
401	1031.9012889738904
402	1030.282814734512
403	1028.6716420360267
404	1027.0655219623977
405	1025.4644155091864
406	1023.8647942037898
407	1022.2682896011798
408	1020.7117726018655
409	1019.1586979390262
410	1017.6111233469749
411	1016.0707570798203
412	1014.5360884489766
413	1013.0100150431826
414	1011.4898131807086
415	1009.9800262130567
416	1008.4715045883846
417	1006.9732347801569
418	1005.4750860733837
419	1003.9851401247641
420	1002.4964313768181
421	1001.0187465985714
422	999.5466542532635
423	998.0892954278945
424	996.6337598488145
425	995.1879484464208
426	993.7452422197568
427	992.3129375547886
428	990.885186100691
429	989.461975069295
430	988.0417991502509
431	986.628538981114
432	985.2171053698098
433	983.8129531910868
434	982.4095858791301
435	981.009415690989
436	979.6154765070571
437	978.2269058660657
438	976.8390675999177
439	975.4568099088413
440	974.0829912551642
441	972.7179890984976
442	971.3553460985318
443	969.9928754925338
444	968.6377262081368
445	967.2859162786477
446	965.9391263883907
447	964.5949853155421
448	963.2601918933495
449	961.9275655523348
450	960.595822891377
451	959.2720784819467
452	957.9534013454324
453	956.6378535298313
454	955.3314132919161
455	954.0285231295375
456	952.7277207230736
457	951.4289345325453
458	950.1353815641215
459	948.8535161298935
460	947.57828943289
461	946.3111021323997
462	945.047992181758
463	943.7876552337536
464	942.5358147453966
465	941.2939960287506
466	940.0525082915
467	938.8160473600185
468	937.592456505153
469	936.3689903392768
470	935.1518584354435
471	933.9405763671896
472	932.7358034239702
473	931.5342331063906
474	930.3337391079427
475	929.1401811339472
476	927.9527840422279
477	926.7673292884326
478	925.5876644728072
479	924.4090664758052
480	923.235024417508
481	922.0622175018208
482	920.8958156886636
483	919.7306521000265
484	918.5701933377069
485	917.4157974099605
486	916.2615343983606
487	915.1098215986664
488	913.9615274860547
489	912.8147282850828
490	911.6695889723195
491	910.5284689118159
492	909.3910325015793
493	908.2544467016512
494	907.1197571897453
495	905.9959304535532
496	904.8746799046671
497	903.7546289037386
498	902.64017138965
499	901.5268696548573
500	900.4144657998199
501	899.3023712059871
502	898.1936319060109
503	897.0902663312678
504	895.9875365159897
505	894.8868587234316
506	893.7877498183411
507	892.6896191169063
508	891.5951562946858
509	890.5134395301835
510	889.4342550491189
511	888.3562168853531
512	887.2815843349467
513	886.2144752169078
514	885.1483302673317
515	884.0836954689723
516	883.0225555604713
517	881.9697146877597
518	880.92168286341
519	879.880710813271
520	878.8432493127017
521	877.8060574744997
522	876.7701651904212
523	875.7492630173322
524	874.7323177604336
525	873.7163581041394
526	872.7066244858989
527	871.6973584973548
528	870.6935258067027
529	869.6904559517583
530	868.6874626405938
531	867.685170153163
532	866.6856562599999
533	865.6936083524863
534	864.7039066984366
535	863.7165264254875
536	862.7345789226953
537	861.7550936931392
538	860.7760898061777
539	859.7974482748257
540	858.8221036820823
541	857.8486333586715
542	856.8804424338233
543	855.9127544949811
544	854.9500893983035
545	853.9886546940991
546	853.0320658007357
547	852.0815219855692
548	851.1346612867587
549	850.1912568566503
550	849.2521318039064
551	848.3133664011752
552	847.3782492483233
553	846.4432392930901
554	845.510690704718
555	844.5806997551794
556	843.655607680018
557	842.7340874737827
558	841.8191235669537
559	840.904749799193
560	839.9926498748985
561	839.085990668598
562	838.1831135517182
563	837.2828430369744
564	836.3841496700317
565	835.4876950622432
566	834.5938875022509
567	833.702779543046
568	832.8141052761097
569	831.927268043944
570	831.041539372918
571	830.1562099244389
572	829.2727442959522
573	828.3923499738067
574	827.5123919967577
575	826.6406555448056
576	825.770732063199
577	824.9027531365246
578	824.0381976351566
579	823.1787891041874
580	822.3205491122386
581	821.4631422771681
582	820.6081591750077
583	819.754750145481
584	818.9047523068517
585	818.0604952281572
586	817.216261640931
587	816.3743686475595
588	815.5339394593145
589	814.694883889198
590	813.8581183222485
591	813.0224665268107
592	812.1873662775768
593	811.3553645003885
594	810.5241410515696
595	809.6958587737563
596	808.8714427618181
597	808.0490387912321
598	807.2292865339509
599	806.4105332410862
600	805.5922858743257
601	804.7757980584017
602	803.9627536738403
603	803.1508614647333
604	802.3467323061437
605	801.5437947210445
606	800.7415172612444
607	799.9464427527735
608	799.155483486654
609	798.3671839877959
610	797.580510222689
611	796.7950402962767
612	796.0105731329294
613	795.2269834596677
614	794.446136244954
615	793.6712433072953
616	792.897568009205
617	792.1254679124324
618	791.3551219062134
619	790.5865535077933
620	789.8248653059283
621	789.0636680435431
622	788.3042928452892
623	787.5461263134379
624	786.7898616175701
625	786.0341421016672
626	785.2818144212645
627	784.5305758381153
628	783.7814099807222
629	783.034424611519
630	782.2879579129885
631	781.5469178385794
632	780.806422923618
633	780.0676924000481
634	779.3315703175567
635	778.5962012749002
636	777.8620443785568
637	777.1285218181948
638	776.3999246864539
639	775.6725023737932
640	774.9452093394725
641	774.2193240199846
642	773.4957399411026
643	772.772812907303
644	772.0529721193537
645	771.334118263981
646	770.6214605582585
647	769.9134289106178
648	769.2060112815307
649	768.4986744561132
650	767.7919865435639
651	767.0893872472725
652	766.3899660512722
653	765.69102725622
654	764.9929835543707
655	764.2990623550129
656	763.6052680915533
657	762.9125959739055
658	762.2204297364098
659	761.5304577985821
660	760.8456447678166
661	760.161345316433
662	759.4775486043992
663	758.7945273741283
664	758.1134948379762
665	757.434414004957
666	756.7606422051955
667	756.0885650212502
668	755.4190738528976
669	754.7503949966302
670	754.0829643577662
671	753.4160595584417
672	752.7536857251101
673	752.0914818557832
674	751.430382467133
675	750.7706538165612
676	750.1110957355804
677	749.4528614509932
678	748.7977031056837
679	748.1452441266147
680	747.4929972147571
681	746.8433155746595
682	746.195576527227
683	745.5491909578836
684	744.9053910526593
685	744.2623316244818
686	743.6199677904426
687	742.9795031066342
688	742.3405467727181
689	741.7023394467664
690	741.065751176537
691	740.4295920709012
692	739.7934886834053
693	739.1576648401294
694	738.5230608108253
695	737.8901335671328
696	737.2596201250559
697	736.6302105121129
698	736.0036485314125
699	735.3771776733547
700	734.752530054515
701	734.1295129889427
702	733.5070687464747
703	732.8853201479582
704	732.2640632701815
705	731.6435682451122
706	731.0243382711606
707	730.405713636805
708	729.7903492435735
709	729.1761033406615
710	728.5627013404053
711	727.9496997594119
712	727.3378630860115
713	726.7268619336842
714	726.1193776722032
715	725.5155311414651
716	724.9130272506721
717	724.3115447969884
718	723.7102820938749
719	723.1118686567524
720	722.5172438208389
721	721.9248691962459
722	721.334689629677
723	720.7446555777515
724	720.154846374841
725	719.5654789933058
726	718.9768540558432
727	718.3915271773569
728	717.8063525483986
729	717.2223148928073
730	716.6388151431419
731	716.0580180842157
732	715.4775417067647
733	714.8996165355461
734	714.3225961941299
735	713.7471916688575
736	713.1727916671763
737	712.5988746591947
738	712.0250473412915
739	711.4518247315168
740	710.8787164825624
741	710.3078889271995
742	709.7416566082802
743	709.1777195686074
744	708.614320534423
745	708.0539258284684
746	707.4939912034494
747	706.9361990960658
748	706.3806023188763
749	705.8255175906966
750	705.2711473988579
751	704.7168332782087
752	704.1631007773175
753	703.6101132650982
754	703.0581424787746
755	702.506661786625
756	701.9582161741946
757	701.4104003891773
758	700.8661904180907
759	700.3233475718521
760	699.7806401203084
761	699.239312081224
762	698.6982715116849
763	698.1581023991383
764	697.6187759692323
765	697.080279756348
766	696.5420637479738
767	696.0045321097144
768	695.4682605127186
769	694.9324780128715
770	694.399598751791
771	693.8680850507908
772	693.3370662149598
773	692.806805094609
774	692.2778893342667
775	691.749491989359
776	691.2217857042241
777	690.6960621958484
778	690.1737115055171
779	689.6520088840907
780	689.1313644125934
781	688.6141033018985
782	688.0972839161768
783	687.5807995290503
784	687.0658403878577
785	686.5513646981697
786	686.0371574280555
787	685.52321251872
788	685.0118955311673
789	684.501083257283
790	683.9914116268436
791	683.4824338327844
792	682.9743575582947
793	682.4672406286178
794	681.9608368879428
795	681.45582235985
796	680.9510418202349
797	680.4467314779314
798	679.94310814976
799	679.4396571625234
800	678.9391563469026
801	678.4396559748523
802	677.9405387645202
803	677.441480381973
804	676.9433314350887
805	676.4465700848481
806	675.9507231300037
807	675.4557918860096
808	674.9638068419245
809	674.4724266336772
810	673.9816587273451
811	673.4924360102169
812	673.0044366124118
813	672.5167619933563
814	672.0292041124376
815	671.5427452600655
816	671.0578163903531
817	670.5741034973557
818	670.0906338755666
819	669.6083086375202
820	669.127761154143
821	668.6475863308876
822	668.1684657853862
823	667.6895791013034
824	667.2110899959268
825	666.7329838280313
826	666.2566919474933
827	665.7816644418517
828	665.3072983778516
829	664.8347474162268
830	664.362759828153
831	663.8911419025112
832	663.4200282669574
833	662.9497305263997
834	662.481615633038
835	662.0141339982787
836	661.5481752449322
837	661.0822597790246
838	660.6200981190619
839	660.1588435797116
840	659.6979268071635
841	659.2373607121035
842	658.7783935706075
843	658.320584608484
844	657.8632522571603
845	657.4059488197369
846	656.9491275204603
847	656.4950976976198
848	656.0415074425979
849	655.5880190700963
850	655.1349475610738
851	654.6821563061374
852	654.2295311275597
853	653.7787122247886
854	653.3286730488924
855	652.8807374880236
856	652.4334156248555
857	651.9869661072686
858	651.5410780508578
859	651.0956834197726
860	650.654225393595
861	650.2136052935875
862	649.7735496559312
863	649.3363652348639
864	648.8995880000066
865	648.4631222169934
866	648.027197713797
867	647.5927851010263
868	647.1585709927805
869	646.7244586441677
870	646.2910751102359
871	645.8589800617868
872	645.4280185023626
873	644.9980428210079
874	644.5680954358796
875	644.1384026608123
876	643.7109967347757
877	643.2837542603005
878	642.8566050337358
879	642.4297551073239
880	642.0041634174787
881	641.5796633209483
882	641.1567480448351
883	640.7340447196576
884	640.3127191080359
885	639.8922835430164
886	639.4726509955448
887	639.0539399196107
888	638.6352472488828
889	638.2183052975217
890	637.802174162071
891	637.3872478692022
892	636.9728882776501
893	636.5598433713133
894	636.1478083298766
895	635.736528017189
896	635.3258499438269
897	634.9163720769292
898	634.50761579797
899	634.0988688954657
900	633.6901763165072
901	633.2819269611063
902	632.8745306044879
903	632.4673310257438
904	632.0606321549385
905	631.6540253083159
906	631.2480345465938
907	630.8423130761003
908	630.4369668882123
909	630.0324137269902
910	629.627895324431
911	629.2243212766682
912	628.822780496982
913	628.4214236965306
914	628.0206999493629
915	627.6202695158825
916	627.2203573419644
917	626.8207362104811
918	626.4217355478992
919	626.0232214663234
920	625.6249251703364
921	625.2272087523563
922	624.8300066353368
923	624.4332841300507
924	624.0368691794177
925	623.6410839602072
926	623.2457322904644
927	622.8512298367249
928	622.4569285570798
929	622.0644604236664
930	621.6730605607299
931	621.2823111729945
932	620.892316284243
933	620.5030968939627
934	620.1142755970126
935	619.7256348126155
936	619.3376493375613
937	618.9510541658431
938	618.5648538678438
939	618.1807011492837
940	617.7967583586195
941	617.4133290488876
942	617.0304545681001
943	616.6476997330392
944	616.2661751816877
945	615.8855098602388
946	615.5051893080386
947	615.1252313761012
948	614.7453861316258
949	614.3663716448652
950	613.9877315569189
951	613.6102022859242
952	613.2336821538963
953	612.8574745768567
954	612.4815759331232
955	612.1075852764221
956	611.7337246444779
957	611.3603272167707
958	610.9880832820959
959	610.6160263853579
960	610.245247514271
961	609.874568758876
962	609.5046237562615
963	609.1359209414202
964	608.7675147051103
965	608.4007554496354
966	608.0344554225179
967	607.6692072259132
968	607.3040569934735
969	606.9397905308106
970	606.5757904528366
971	606.2124595821429
972	605.8496653155971
973	605.4874328304908
974	605.1255856918585
975	604.7651280559074
976	604.4059875535621
977	604.0477129047385
978	603.6896113224193
979	603.3317093834588
980	602.974353459631
981	602.6183627740469
982	602.2624492401278
983	601.9066867064615
984	601.5523142062102
985	601.1983521309986
986	600.8450400128261
987	600.4920761706467
988	600.1406084360284
989	599.7892008838703
990	599.4387155602204
991	599.0887143245357
992	598.7390208237392
993	598.389371748477
994	598.0405790695389
995	597.6919031376574
996	597.3438379365805
997	596.9964347760649
998	596.6495439043033
999	596.3030889192435
1000	595.9575393375299

