run_label	method	rmse	rmse_std	t_end_epoch	t_end_iso	num_steps
BeH2_molecule_JW_sto3g_Priori_Nshots=10000	Priori	0.019468226227852006	0.02076944455293187	1761133422.1492033	2025-10-22T13:43:42	10000
BeH2_molecule_JW_sto3g_Priori_Nshots=10000	Priori	0.018840051571183836	0.001232631224803278	1763125287.1962557	2025-11-14T14:01:27	10000
