run_label	method	rmse	rmse_std	t_end_epoch	t_end_iso	num_steps
BeH2_molecule_JW_sto3g_Shadow_Grouping_Nshots=10000	Shadow_Grouping	0.014780077513918499	0.010758428282690514	1760336272.5318937	2025-10-13T08:17:52	10000
BeH2_molecule_JW_sto3g_Shadow_Grouping_Nshots=10000	Shadow_Grouping	0.017074161777159376	0.02039266305110771	1761140090.7949526	2025-10-22T15:34:50	10000
BeH2_molecule_JW_sto3g_Shadow_Grouping_Nshots=10000	Shadow_Grouping	0.020342677749340256	0.027108754513731972	1761213469.1366098	2025-10-23T11:57:49	10000
BeH2_molecule_JW_sto3g_Shadow_Grouping_Nshots=10000	Shadow_Grouping	0.019169923397313927	0.0014016054064547809	1763288263.7395508	2025-11-16T11:17:43	10000
