run_label	method	rmse	rmse_std	t_end_epoch	t_end_iso	num_steps
BeH2_molecule_JW_sto3g_Priori_Nshots=1000	Priori	0.06159387653347903	0.0838686564235687	1761049167.2437239	2025-10-21T14:19:27	1000
BeH2_molecule_JW_sto3g_Priori_Nshots=1000	Priori	0.06060095022438487	0.06857380346537635	1761124814.27822	2025-10-22T11:20:14	1000
BeH2_molecule_JW_sto3g_Priori_Nshots=1000	Priori	0.0619573009164417	0.0703696767197122	1761138046.9681764	2025-10-22T15:00:46	1000
BeH2_molecule_JW_sto3g_Priori_Nshots=1000	Priori	0.05878807719625106	0.0037763403645794283	1763127048.6343524	2025-11-14T14:30:48	1000
