run_label	method	rmse	rmse_std	t_end_epoch	t_end_iso	num_steps
BeH2_molecule_JW_sto3g_Shadow_Grouping_Nshots=500	Shadow_Grouping	0.0726759088588419	0.058377562652919976	1759766786.5077937	2025-10-06T18:06:26	500
BeH2_molecule_JW_sto3g_Shadow_Grouping_Nshots=500	Shadow_Grouping	0.07296973534322991	0.05536127603659477	1759766866.7577934	2025-10-06T18:07:46	500
BeH2_molecule_JW_sto3g_Shadow_Grouping_Nshots=500	Shadow_Grouping	0.08734820215951265	0.11215397911668352	1761139331.6215167	2025-10-22T15:22:11	500
