run_label	method	rmse	rmse_std	t_end_epoch	t_end_iso	num_steps
BeH2_molecule_JW_sto3g_Shadow_Grouping_Update7_Nshots=400	Shadow_Grouping_Update7	0.07204207064426256	0.05779470150415598	1759770194.219047	2025-10-06T19:03:14	400
BeH2_molecule_JW_sto3g_Shadow_Grouping_Update7_Nshots=400	Shadow_Grouping_Update7	0.09544267850083464	0.06892650110778141	1759828995.3589246	2025-10-07T11:23:15	400
