run_label	method	rmse	rmse_std	t_end_epoch	t_end_iso	num_steps
BeH2_molecule_JW_sto3g_Posteriori_Nshots=1000	Posteriori	0.06225132685977598	0.0728092335292847	1761046010.1867332	2025-10-21T13:26:50	1000
BeH2_molecule_JW_sto3g_Posteriori_Nshots=1000	Posteriori	0.06204390167285367	0.07001094106958464	1761143136.9501693	2025-10-22T16:25:36	1000
BeH2_molecule_JW_sto3g_Posteriori_Nshots=1000	Posteriori	0.05965382301615874	0.004017797786729116	1763284894.9124815	2025-11-16T10:21:34	1000
