run_label	method	rmse	rmse_std	t_end_epoch	t_end_iso	num_steps
BeH2_molecule_JW_sto3g_Posteriori_Nshots=10000	Posteriori	0.02097294217560696	0.024588471138738556	1761213100.9405963	2025-10-23T11:51:40	10000
BeH2_molecule_JW_sto3g_Posteriori_Nshots=10000	Posteriori	0.022376450630650017	0.0018537112067225534	1763258900.1463797	2025-11-16T03:08:20	10000
