run_label	method	rmse	rmse_std	t_end_epoch	t_end_iso	num_steps
BeH2_molecule_JW_sto3g_Shadow_Grouping_Nshots=400	Shadow_Grouping	0.08403439624856833	0.06120216462889615	1759768639.6231184	2025-10-06T18:37:19	400
BeH2_molecule_JW_sto3g_Shadow_Grouping_Nshots=400	Shadow_Grouping	0.09060201863250725	0.06898802364621666	1759823954.572884	2025-10-07T09:59:14	400
