run_label	method	rmse	rmse_std	t_end_epoch	t_end_iso	num_steps
H2_molecule_JW_6-31g_Posteriori_Nshots=10000	Posteriori	0.013777762691040456	0.0171216276286693	1761296868.1899197	2025-10-24T11:07:48	10000
H2_molecule_JW_6-31g_Posteriori_Nshots=10000	Posteriori	0.01306514379257234	0.0008914739990597523	1763024355.4612222	2025-11-13T09:59:15	10000
