run_label	method	rmse	rmse_std	t_end_epoch	t_end_iso	num_steps
H2_molecule_JW_6-31g_Shadow_Grouping_Nshots=100000	Shadow_Grouping	0.002933681543546793	0.0021293351692366655	1760284613.2137475	2025-10-12T17:56:53	100000
H2_molecule_JW_6-31g_Shadow_Grouping_Nshots=100000	Shadow_Grouping	0.0037772543027612703	0.0027937221454170935	1760284952.6728108	2025-10-12T18:02:32	100000
