run_label	method	rmse	rmse_std	t_end_epoch	t_end_iso	num_steps
H2_molecule_JW_6-31g_Shadow_Grouping_Update6_Nshots=100000	Shadow_Grouping_Update6	0.0036371745334478154	0.002719822301803486	1760267906.2165532	2025-10-12T13:18:26	100000
H2_molecule_JW_6-31g_Shadow_Grouping_Update6_Nshots=100000	Shadow_Grouping_Update6	0.0033502870391321203	0.002653537311619925	1760270205.9895089	2025-10-12T13:56:45	100000
