run_label	method	rmse	rmse_std	t_end_epoch	t_end_iso	num_steps
H2_molecule_JW_6-31g_Priori_Nshots=10000	Priori	0.012625844019073646	0.013978366676328052	1761295273.404034	2025-10-24T10:41:13	10000
H2_molecule_JW_6-31g_Priori_Nshots=10000	Priori	0.01529550953816905	0.0009196008394648052	1763029051.1128254	2025-11-13T11:17:31	10000
