run_label	method	rmse	rmse_std	t_end_epoch	t_end_iso	num_steps
H2_molecule_JW_6-31g_Posteriori_Nshots=1000	Posteriori	0.03996940524299723	0.04715723535181993	1761060595.409984	2025-10-21T17:29:55	1000
H2_molecule_JW_6-31g_Posteriori_Nshots=1000	Posteriori	0.04301571596887811	0.05486609998769564	1761295795.223226	2025-10-24T10:49:55	1000
H2_molecule_JW_6-31g_Posteriori_Nshots=1000	Posteriori	0.04142016066188264	0.002534319590510239	1763027543.9675727	2025-11-13T10:52:23	1000
