run_label	method	rmse	rmse_std	t_end_epoch	t_end_iso	num_steps
H2_molecule_JW_6-31g_Priori_Nshots=1000	Priori	0.04426558409199492	0.052748687503119895	1761060294.9596221	2025-10-21T17:24:54	1000
H2_molecule_JW_6-31g_Priori_Nshots=1000	Priori	0.04740513042464411	0.05447689930429997	1761294488.6932654	2025-10-24T10:28:08	1000
H2_molecule_JW_6-31g_Priori_Nshots=1000	Priori	0.042964554530704906	0.0028328390886556685	1763027933.145587	2025-11-13T10:58:53	1000
