run_label	method	rmse	rmse_std	t_end_epoch	t_end_iso	num_steps
LiH_molecule_JW_sto3g_Priori_Nshots=100	Priori	0.10066512456637101	0.07084526241804891	1760966384.024413	2025-10-20T15:19:44	100
LiH_molecule_JW_sto3g_Priori_Nshots=100	Priori	0.09408820564478752	0.06891960151488091	1760966482.6211808	2025-10-20T15:21:22	100
LiH_molecule_JW_sto3g_Priori_Nshots=100	Priori	0.09513455175279777	0.07143593813956928	1760966601.56301	2025-10-20T15:23:21	100
