run_label	method	rmse	rmse_std	t_end_epoch	t_end_iso	num_steps
LiH_molecule_JW_sto3g_Posteriori_Nshots=10000	Posteriori	0.009384180646258695	0.006364489777960324	1760687540.2175357	2025-10-17T09:52:20	10000
LiH_molecule_JW_sto3g_Posteriori_Nshots=10000	Posteriori	0.01048965948673045	0.007603813515045687	1760912261.95848	2025-10-20T00:17:41	10000
LiH_molecule_JW_sto3g_Posteriori_Nshots=10000	Posteriori	0.009296009623670408	0.011083992152184467	1761038950.0421576	2025-10-21T11:29:10	10000
LiH_molecule_JW_sto3g_Posteriori_Nshots=10000	Posteriori	0.009880267026351185	0.0006880967214654877	1763077627.8474467	2025-11-14T00:47:07	10000
