run_label	method	rmse	rmse_std	t_end_epoch	t_end_iso	num_steps
LiH_molecule_BK_sto3g_Shadow_Grouping_Nshots=1000	Shadow_Grouping	0.744058093868083	0.047682234916839476	1760963051.529064	2025-10-20T14:24:11	1000
LiH_molecule_BK_sto3g_Shadow_Grouping_Nshots=1000	Shadow_Grouping	0.7435243527521328	0.044637986607592085	1760963459.5034657	2025-10-20T14:30:59	1000
