# METHOD: Posteriori
# Nshots: 1000
1	106.9856335205069
2	94.49658307943622
3	92.63078730535607
4	83.47495166136032
5	82.31054206013019
6	77.87139628520961
7	75.88027204088255
8	71.44112626596198
9	69.45000202163492
10	67.57634247452556
11	66.61657497690848
12	66.04411893039897
13	65.69582118307314
14	67.2564073813209
15	68.59482215463865
16	69.9332369279564
17	71.04948027634411
18	71.41168891105363
19	71.81534499272382
20	72.17755362743334
21	72.58120970910352
22	73.03647495150938
23	73.49174019391523
24	73.97079812504984
25	74.44985605618447
26	72.16699605105667
27	70.30574357542302
28	68.61155550022079
29	66.91736742501855
30	65.49085689129058
31	64.06434635756258
32	62.730188919566196
33	61.607217579347285
34	61.86617764529019
35	62.12513771123311
36	61.73131728053625
37	61.337496849839404
38	56.59154884020316
39	54.089281456576806
40	52.34468714720232
41	50.99434355414031
42	49.891473842325496
43	48.9606511173966
44	48.12490521815754
45	47.31767251578026
46	46.56527658804127
47	45.8334081413201
48	45.19897936028384
49	44.58060990469423
50	43.99682492299945
51	43.424658035822645
52	42.88191551538212
53	42.352042232545685
54	41.87108584295082
55	41.39012945335595
56	40.93883396532409
57	40.501497241257184
58	40.073149965770426
59	39.662918010866306
60	39.252686055962194
61	38.85054916600118
62	38.44841227604016
63	38.08239537842609
64	37.723345610642696
65	37.37146251817526
66	37.04620817746836
67	36.73224819326362
68	36.41828820905889
69	36.10552701555029
70	35.79276582204167
71	35.481559287907224
72	35.170352753772775
73	34.86333624716545
74	34.55631974055812
75	34.2504174908591
76	33.94451524116009
77	33.64023650940361
78	33.33595777764713
79	33.04626746822506
80	32.75657715880299
81	32.481437224180496
82	32.21647766238244
83	31.9550417896156
84	31.6954649504327
85	31.435888111249813
86	31.185548798224676
87	30.950122121762522
88	30.718579864147582
89	30.491120414918417
90	30.27684786564091
91	30.066477851027912
92	29.85780686825566
93	29.650726175440507
94	29.44513691513899
95	29.246045872379128
96	29.04973242051763
97	28.858856191248627
98	28.67794618293244
99	28.5010095682266
100	28.32407295352076
101	28.149213329602293
102	27.97435370568383
103	27.810525770915955
104	27.654428423130938
105	27.500543971424758
106	27.34817474628693
107	27.199634613339736
108	27.05208718343695
109	26.90546873444884
110	26.759445893057038
111	26.614697669004908
112	26.47005695781414
113	26.33207579147793
114	26.19554355336996
115	26.0598406950059
116	25.924191649334805
117	25.791391845349033
118	25.658592041363264
119	25.52643412001798
120	25.395729714012333
121	25.26837819606212
122	25.142183425867522
123	25.018161981296224
124	24.89857633137586
125	24.779979943185605
126	24.66156521637877
127	24.543216511240516
128	24.425084666712156
129	24.307381715844695
130	24.189949442187345
131	24.07251716852999
132	23.95534233266905
133	23.838167496808115
134	23.72234270128486
135	23.61136356660188
136	23.504476642603198
137	23.398713034741274
138	23.293895414410766
139	23.19229953580401
140	23.09152625090235
141	22.992760358000552
142	22.894736591596185
143	22.801320142178547
144	22.70980350886356
145	22.618616198106963
146	22.527875410536687
147	22.437407644654517
148	22.350821130543842
149	22.264897194835758
150	22.17902193081625
151	22.093224746864017
152	22.00792800334581
153	21.922655780473963
154	21.83898372753452
155	21.756797687443797
156	21.674916612085212
157	21.593272208500665
158	21.51191731015168
159	21.43093667572065
160	21.350316886186995
161	21.271123660357706
162	21.1930676691578
163	21.115307681148593
164	21.038213623568993
165	20.961334886310716
166	20.88536046526589
167	20.81034240994426
168	20.7369264135615
169	20.664609633662224
170	20.59386370357099
171	20.523892377838244
172	20.454365704993812
173	20.385451826696947
174	20.317300812856377
175	20.250636357238108
176	20.18509908969838
177	20.11966956113416
178	20.054240032569943
179	19.988901655851173
180	19.923563279132406
181	19.858507689981806
182	19.793452100831207
183	19.728482619581264
184	19.663513138331325
185	19.60039440678363
186	19.538894942613464
187	19.47894041850021
188	19.419002456804726
189	19.359064495109248
190	19.299417931957052
191	19.239771368804863
192	19.18040276201835
193	19.12103415523184
194	19.06202339940062
195	19.003012643569402
196	18.945941019887623
197	18.890233227021476
198	18.834898808461745
199	18.779905490151602
200	18.725536867678038
201	18.671453969557962
202	18.617371071437887
203	18.563920085568803
204	18.510469099699712
205	18.45735531537707
206	18.40539452599986
207	18.354273576831186
208	18.303451929762677
209	18.252821860612134
210	18.202191791461587
211	18.15199477614796
212	18.10290702416605
213	18.054112835712075
214	18.00556133472371
215	17.958016513776826
216	17.911480504531582
217	17.865842118971198
218	17.82045608233366
219	17.77517687243125
220	17.730048636075587
221	17.684953817375636
222	17.639878611080434
223	17.5948975421029
224	17.550059972823554
225	17.505557760701958
226	17.461291502457918
227	17.417103187010543
228	17.37291487156317
229	17.329609251647145
230	17.286505989653065
231	17.24389329621458
232	17.201400391278
233	17.159137192820353
234	17.11690688085909
235	17.074688694375226
236	17.032510912961378
237	16.990419479078664
238	16.94835947932375
239	16.906311162135147
240	16.864301403639903
241	16.82289875087436
242	16.78183751178739
243	16.741051055184993
244	16.700412332515324
245	16.659873799950883
246	16.619439912100898
247	16.58001881012362
248	16.54126524418578
249	16.50270374858795
250	16.464406730182752
251	16.42651089260891
252	16.388615055035068
253	16.35089033801446
254	16.31316562099385
255	16.27625453267298
256	16.239654110732204
257	16.203208372770273
258	16.167234159490363
259	16.131259946210452
260	16.09532346207434
261	16.060026358177968
262	16.02534815534279
263	15.991217401679119
264	15.957222112599938
265	15.923376149343603
266	15.889687709069014
267	15.856263783372874
268	15.823273026704825
269	15.790383691124472
270	15.757494355544116
271	15.725055252036231
272	15.692890733468701
273	15.660726214901171
274	15.628822931461414
275	15.59708118124524
276	15.565357858449506
277	15.53385706934792
278	15.50265905913362
279	15.471461048919323
280	15.440513964123513
281	15.40990511616014
282	15.379485500824778
283	15.34929516827395
284	15.31910483572312
285	15.288947277756483
286	15.25878971978985
287	15.228706425046052
288	15.198623130302256
289	15.168571415622397
290	15.138519700942542
291	15.108497684971072
292	15.078475668999605
293	15.048931003342332
294	15.019659823855573
295	14.990446669911988
296	14.961262292778873
297	14.932149562482019
298	14.903107120537731
299	14.87413364583918
300	14.845531152488284
301	14.817034805598592
302	14.788813043396507
303	14.760636586573375
304	14.73246012975024
305	14.70449306518138
306	14.676759643332002
307	14.64913785528292
308	14.622066466843702
309	14.595145674731386
310	14.568316887225432
311	14.54165509924676
312	14.514993311268093
313	14.48835486358355
314	14.461821614470843
315	14.435539813754776
316	14.409638689118578
317	14.384061775089503
318	14.358543159833461
319	14.333063660963688
320	14.307751147605222
321	14.282438634246756
322	14.2573650917639
323	14.232643844327708
324	14.208022585382057
325	14.183401326436407
326	14.159073753041323
327	14.13475879654096
328	14.11051974181342
329	14.086280687085878
330	14.062063675639372
331	14.037982210096558
332	14.01404890277242
333	13.990440932839537
334	13.966957686970872
335	13.943494577074542
336	13.920089648604703
337	13.896901016789037
338	13.874022302466194
339	13.851252224932617
340	13.828482147399043
341	13.805729393506152
342	13.78297663961326
343	13.760275436027888
344	13.737574232442519
345	13.714889845851644
346	13.692205459260773
347	13.669632725642666
348	13.64714022963888
349	13.624857382947667
350	13.602844578597594
351	13.580898587534076
352	13.559037443726803
353	13.537288282069618
354	13.515613986019556
355	13.494181373141393
356	13.47301986850002
357	13.452083540082851
358	13.431183854389516
359	13.4103343228916
360	13.389511686577247
361	13.368724956145897
362	13.34797979836259
363	13.327275578006827
364	13.30661167394761
365	13.286021911594805
366	13.265460654430852
367	13.24502971726048
368	13.224603315972562
369	13.204230355507859
370	13.183861760079235
371	13.163674377700053
372	13.14351136009121
373	13.123385923064237
374	13.103362651834571
375	13.08358145314896
376	13.064038219460116
377	13.04469022978821
378	13.025342240116307
379	13.006051784600238
380	12.986761329084171
381	12.967679127924468
382	12.948820967573603
383	12.930051111047923
384	12.91133978900115
385	12.892817096917726
386	12.874392941998769
387	12.856018962728543
388	12.837797175509333
389	12.81963129245925
390	12.80147384771255
391	12.783316402965852
392	12.765217098047712
393	12.747283986912002
394	12.729350875776298
395	12.71142952792483
396	12.693508180073362
397	12.675622875121588
398	12.657737570169811
399	12.639863732475135
400	12.62198989478046
401	12.604188080246626
402	12.586586061847838
403	12.569059751124232
404	12.551578970836388
405	12.534114895626782
406	12.51665082041718
407	12.499325515952219
408	12.482051836810243
409	12.464789370795609
410	12.447526904780974
411	12.43031423378147
412	12.413101562781968
413	12.396101736252648
414	12.37921462641464
415	12.362327516576636
416	12.345604322986496
417	12.329016038480367
418	12.31246063586268
419	12.296059763027692
420	12.279745428219982
421	12.263471313597496
422	12.247226194499662
423	12.231121060171755
424	12.215109574798042
425	12.199189807721577
426	12.183295598254716
427	12.16746615670544
428	12.151687646297356
429	12.13595469583799
430	12.120248565518846
431	12.104549935796094
432	12.088876816777297
433	12.073229761492218
434	12.057729626667305
435	12.042302960440544
436	12.02701160704194
437	12.011794674258217
438	11.996577741474495
439	11.981399146079209
440	11.966345409761386
441	11.95129167344357
442	11.936260558495434
443	11.92126551465991
444	11.906311824624108
445	11.891507571212186
446	11.876850060668946
447	11.862294838810133
448	11.847766714811359
449	11.833244657602831
450	11.818724820464414
451	11.804212511475672
452	11.789716965787466
453	11.775227347460289
454	11.760739907192812
455	11.746259814916643
456	11.731787792260063
457	11.71735764990079
458	11.702927507541514
459	11.688610689505309
460	11.674326567182286
461	11.66007204329301
462	11.645920756290995
463	11.631769469288978
464	11.617727186886656
465	11.603815032204608
466	11.589938945610022
467	11.576103183032034
468	11.562317946677611
469	11.54853271032319
470	11.534894080967863
471	11.521294698962183
472	11.507695316956507
473	11.494248963255254
474	11.480857698051828
475	11.467466432848397
476	11.454075559502796
477	11.440787953671231
478	11.42762326879563
479	11.414547049272688
480	11.401499454596177
481	11.388507869589423
482	11.375544633318416
483	11.362581397047409
484	11.34961977584883
485	11.336689994760686
486	11.32394300784174
487	11.311196020922797
488	11.298454043336003
489	11.285808322663312
490	11.273189536736078
491	11.260589803381054
492	11.247994298714069
493	11.235440991139415
494	11.222918147444059
495	11.210397489811525
496	11.197976762527832
497	11.1855745414884
498	11.173190621242217
499	11.160824799653682
500	11.148487459297623
501	11.136202163163308
502	11.123916867028996
503	11.111658933939939
504	11.099401000850888
505	11.087254136522368
506	11.075136046081687
507	11.063054043515946
508	11.050972040950205
509	11.038896137530175
510	11.026820234110145
511	11.014762688154802
512	11.002705142199456
513	10.990653576689498
514	10.97860201117954
515	10.966587220928625
516	10.954606832121591
517	10.942650797010034
518	10.930788686284082
519	10.91898295560442
520	10.907177224924759
521	10.895397026121268
522	10.883616827317777
523	10.871958254288563
524	10.86039890023367
525	10.84893723776691
526	10.837571774951698
527	10.826244751364952
528	10.814917727778202
529	10.803601194449252
530	10.792310423887612
531	10.781090942778503
532	10.769887232769843
533	10.758683522761189
534	10.74755679211388
535	10.736494741362435
536	10.72545733664548
537	10.714438928317353
538	10.703440627263507
539	10.692443580602701
540	10.68154567315094
541	10.670647765699178
542	10.659828691307261
543	10.649051879495381
544	10.638318117562665
545	10.62758435562995
546	10.616919739607571
547	10.606311770675868
548	10.59572392768931
549	10.585159955295014
550	10.57461563115836
551	10.564146260574072
552	10.553739273156983
553	10.543340496634096
554	10.532954315142021
555	10.522574220906758
556	10.512194126671499
557	10.501862870958513
558	10.491585539210687
559	10.481328100546085
560	10.471070661881479
561	10.460817976107498
562	10.450565290333516
563	10.440327027624194
564	10.430088764914872
565	10.419855171075245
566	10.409621577235617
567	10.399461943119203
568	10.38938102565921
569	10.37933167055017
570	10.369295148791977
571	10.359270275438504
572	10.349249616844489
573	10.339241520204498
574	10.329243828819852
575	10.319325168604434
576	10.30942459704247
577	10.299567975669596
578	10.289729029632742
579	10.279917342212107
580	10.270125854273473
581	10.260384062494262
582	10.250642270715055
583	10.240925520383495
584	10.231208770051932
585	10.221512484232205
586	10.21187524170168
587	10.202237999171157
588	10.192614610255246
589	10.183053987714038
590	10.173503303305308
591	10.163963667530245
592	10.154431098240936
593	10.144956460904096
594	10.135522377726966
595	10.126123732927963
596	10.11678194320548
597	10.107464068962225
598	10.0981516424589
599	10.088872770683986
600	10.079616784604312
601	10.070439178135327
602	10.06128794856927
603	10.05214925092994
604	10.043014860491336
605	10.033909765998402
606	10.02486433318205
607	10.015839074059809
608	10.00684919055764
609	9.997869790159367
610	9.988897495368157
611	9.979983449432803
612	9.97113276427051
613	9.962297703171105
614	9.953464393932043
615	9.944633043748176
616	9.93580463320035
617	9.926984806637417
618	9.918166701050348
619	9.909350525911588
620	9.900537232711043
621	9.891739408917772
622	9.882946530787986
623	9.874156144213485
624	9.865376538278685
625	9.856651264197072
626	9.847927316049262
627	9.839204492087108
628	9.830540418485358
629	9.821927699569207
630	9.813349944877965
631	9.804786327050618
632	9.796279008147788
633	9.787787792316724
634	9.77933059166235
635	9.770889199164134
636	9.762512651586253
637	9.75414573975379
638	9.7457883809126
639	9.737440493343115
640	9.729108689696021
641	9.720776886048926
642	9.712459587182375
643	9.704142288315822
644	9.695873599138078
645	9.687629193121223
646	9.679398104460825
647	9.67121187421756
648	9.663055912429162
649	9.654914939847707
650	9.646813560195923
651	9.638736675184662
652	9.630659790173402
653	9.622596583647308
654	9.61453337712122
655	9.606503856517689
656	9.598474335914158
657	9.590481485035756
658	9.582504474969465
659	9.57453400669709
660	9.56656551108856
661	9.558603020062945
662	9.550655311377374
663	9.542721893458841
664	9.534835375451234
665	9.52700063605237
666	9.519217060703198
667	9.511484045843103
668	9.50378788431957
669	9.496091722796038
670	9.488398522694167
671	9.480705322592296
672	9.473021005349532
673	9.46533668810677
674	9.457655288916769
675	9.449973889726769
676	9.442314274143703
677	9.434669474451121
678	9.427024674758538
679	9.419411096472642
680	9.411809372482663
681	9.404215222623922
682	9.396625964017286
683	9.389076557585927
684	9.38154777609048
685	9.374044218258536
686	9.366569959875465
687	9.359101828832527
688	9.351670066123768
689	9.344264158771793
690	9.336862428594348
691	9.32947921945696
692	9.322116624987045
693	9.314760848030776
694	9.30743506288504
695	9.300126672065486
696	9.292819652523328
697	9.285517757343232
698	9.27822107893302
699	9.270925382941728
700	9.263632066226426
701	9.25637596976301
702	9.249131376129387
703	9.241897383148798
704	9.23470834306854
705	9.227558288858457
706	9.220424053494302
707	9.213321795011154
708	9.206226891451088
709	9.199139286047613
710	9.192056170339088
711	9.184979977404707
712	9.177923446230169
713	9.170881483685475
714	9.163895167867414
715	9.156947227787377
716	9.150023776549292
717	9.143110264812076
718	9.136206285008246
719	9.129313692018288
720	9.12242935560369
721	9.115545019189097
722	9.108696505036017
723	9.101884570781367
724	9.095072636526716
725	9.088271115608023
726	9.081469594689327
727	9.0746846367181
728	9.067899678746874
729	9.061117113306791
730	9.05433454786671
731	9.047559310874508
732	9.040784073882303
733	9.034011197182423
734	9.027238320482539
735	9.020487794157873
736	9.013748234819596
737	9.00702284233262
738	9.00033721008111
739	8.993690346241124
740	8.98704859233756
741	8.980406838434
742	8.973786186372637
743	8.967165534311276
744	8.96056052709174
745	8.95397242969778
746	8.947420614649555
747	8.940868799601333
748	8.934319126794179
749	8.92780747328208
750	8.921305406048969
751	8.91480333881586
752	8.908329305756208
753	8.901881870580933
754	8.895443249234424
755	8.889008598254534
756	8.882584138392257
757	8.876185188608865
758	8.869822773138589
759	8.863490013403707
760	8.857167136174981
761	8.850857836371857
762	8.844583121365595
763	8.838322528907263
764	8.83206193644893
765	8.825840567359245
766	8.819629938904674
767	8.813435084198034
768	8.807240229491395
769	8.801046397093284
770	8.794852564695173
771	8.788693172635979
772	8.78255756046193
773	8.77642194828788
774	8.770300152638178
775	8.764184152317744
776	8.758068533981152
777	8.75195291564456
778	8.745842669961942
779	8.739738138641847
780	8.733641463135768
781	8.727564786112001
782	8.721503722820902
783	8.715449826471962
784	8.709395930123025
785	8.703357288419705
786	8.697318646716386
787	8.69128235155359
788	8.685246056390794
789	8.679215522386912
790	8.673184988383031
791	8.66715677016645
792	8.661128551949869
793	8.65512112190377
794	8.649122754659901
795	8.643158549111405
796	8.63722689824734
797	8.631305082370943
798	8.62539093924735
799	8.619482886718476
800	8.613583634565092
801	8.607710391683144
802	8.601837148801199
803	8.595970550890039
804	8.590132891700964
805	8.58429523251189
806	8.57846029950739
807	8.572645119325278
808	8.566838487837387
809	8.561051946921184
810	8.555296335669523
811	8.54955450454689
812	8.543812673424261
813	8.538078665474634
814	8.53234465752501
815	8.526650851927002
816	8.520987148228137
817	8.515344652248157
818	8.509709295183324
819	8.504082731085946
820	8.498456166988568
821	8.492864520425181
822	8.487275994373958
823	8.481694317544807
824	8.476150881497293
825	8.470618543198562
826	8.465093380333114
827	8.459568217467671
828	8.45407601316502
829	8.44859906292995
830	8.443124832919327
831	8.43765171981867
832	8.432192831506642
833	8.426741208849622
834	8.421292867473547
835	8.415850805860694
836	8.410410342752945
837	8.404969879645195
838	8.39955214518625
839	8.394134410727304
840	8.388718357139897
841	8.383302303552485
842	8.377891275911727
843	8.372480248270971
844	8.367070881775302
845	8.361661515279632
846	8.356265716919804
847	8.350890274608041
848	8.345529513262818
849	8.34017799000557
850	8.33483296117782
851	8.329492278846828
852	8.324159006866546
853	8.318835360668398
854	8.313516249682934
855	8.308201644987742
856	8.302891517929238
857	8.297620271805894
858	8.29237272435089
859	8.287125176895893
860	8.281884398852934
861	8.276643620809978
862	8.271425845371738
863	8.26623412698955
864	8.261068230505034
865	8.255903040773735
866	8.250737851042436
867	8.245583674953803
868	8.240436128801791
869	8.23528858264978
870	8.230155078980218
871	8.22502157531066
872	8.219899735301253
873	8.214799354036714
874	8.209718117113198
875	8.204636880189682
876	8.199561585775205
877	8.194486573128458
878	8.18941156048171
879	8.184344707498711
880	8.179283819385875
881	8.174228810903658
882	8.169180586057088
883	8.16415556389108
884	8.159155009235112
885	8.154178706783116
886	8.149213137730548
887	8.144253317408507
888	8.139308085039541
889	8.134369418280254
890	8.129444610310104
891	8.12452628354175
892	8.119630597056725
893	8.114734910571702
894	8.109840642960881
895	8.104946375350062
896	8.100056426649624
897	8.095166477949189
898	8.090277932563401
899	8.085389387177614
900	8.080515048673151
901	8.075658401643512
902	8.070801754613873
903	8.065951058543932
904	8.06110036247399
905	8.056272984913884
906	8.051468484711915
907	8.046679998249278
908	8.041897720830681
909	8.037119602839033
910	8.032346928563946
911	8.027587340323988
912	8.022830787585177
913	8.018077821327026
914	8.01332510578637
915	8.008577583148124
916	8.00383030773535
917	7.999104348647684
918	7.994382541184846
919	7.9896655156463465
920	7.984957312649681
921	7.980249109653017
922	7.975547814867952
923	7.9708502492811535
924	7.966154036457388
925	7.961461097598898
926	7.956771839408582
927	7.952103926707693
928	7.947457683694818
929	7.942832928471783
930	7.938213910134042
931	7.93360000249403
932	7.929006741262788
933	7.924432575370998
934	7.9198641978305595
935	7.915308007439992
936	7.910757534512895
937	7.906220683663118
938	7.901688807010721
939	7.897175081033087
940	7.892665963586709
941	7.888156846140333
942	7.883663563582987
943	7.879176426172435
944	7.874694868129486
945	7.870226193325833
946	7.86575751852218
947	7.861294029867134
948	7.8568305412120845
949	7.852380675659854
950	7.847930810107624
951	7.843482152397134
952	7.839033494686644
953	7.834588569132524
954	7.830143643578403
955	7.825699913430266
956	7.82125618328213
957	7.81682456830918
958	7.812412815598516
959	7.808006977072631
960	7.8036065289928604
961	7.799222261942107
962	7.794837994891356
963	7.790458743627927
964	7.7860794923644985
965	7.781708808891519
966	7.777338125418541
967	7.772967509812085
968	7.768596894205632
969	7.764235591231804
970	7.759893640209488
971	7.755565202042786
972	7.751236763876084
973	7.746914009554535
974	7.742596983604852
975	7.738284556411449
976	7.73399001219406
977	7.729714298609285
978	7.725457266551586
979	7.721209113222143
980	7.716966059273986
981	7.7127270772675995
982	7.708492543310093
983	7.704273081252462
984	7.700070269869732
985	7.695867458487001
986	7.6916693413307415
987	7.687471224174485
988	7.68328343053188
989	7.679098734259738
990	7.6749171183852996
991	7.670737695349523
992	7.666559905869933
993	7.662386202485597
994	7.658225903728301
995	7.6540834939585105
996	7.649957196932994
997	7.645830899907477
998	7.641707986468005
999	7.637586179238886
1000	7.633464975571931

# METHOD: Priori
# Nshots: 1000
1	106.9856335205069
2	94.49658307943622
3	92.63078730535607
4	83.47495166136032
5	82.31054206013019
6	77.8713962852096
7	73.43225051028901
8	71.44112626596198
9	69.45000202163492
10	71.01058821988269
11	72.57117441813047
12	73.68741776651821
13	74.80366111490592
14	74.47946945930815
15	74.15527780371038
16	74.21534754512167
17	74.27541728653296
18	74.5111872054054
19	74.74695712427786
20	75.07149182833734
21	75.39602653239685
22	74.89516756590207
23	74.62257274880277
24	74.48910734936007
25	74.44985605618447
26	72.16699605105667
27	70.30574357542302
28	70.56470364136594
29	70.82366370730882
30	69.12947563210662
31	67.43528755690438
32	66.0087770231764
33	64.58226648944841
34	63.24810905145202
35	62.12513771123311
36	61.73131728053626
37	61.33749684983941
38	56.59154884020316
39	54.089281456576806
40	52.34468714720232
41	50.99434355414031
42	49.891473842325496
43	48.96065111739661
44	48.124905218157544
45	47.317672515780274
46	46.56527658804127
47	45.8334081413201
48	45.19897936028384
49	44.58060990469423
50	43.99682492299945
51	43.424658035822645
52	42.88191551538212
53	42.352042232545685
54	41.87108584295082
55	41.39012945335595
56	40.93883396532409
57	40.501497241257184
58	40.073149965770426
59	39.662918010866306
60	39.25268605596219
61	38.85054916600117
62	38.44841227604016
63	38.08239537842609
64	37.723345610642696
65	37.37146251817526
66	37.04620817746836
67	36.73224819326362
68	36.41828820905889
69	36.10552701555028
70	35.79276582204167
71	35.481559287907224
72	35.170352753772775
73	34.86313505817364
74	34.555917362574505
75	34.2502163018673
76	33.94451524116008
77	33.64023650940361
78	33.33595777764713
79	33.04626746822506
80	32.75657715880299
81	32.481437224180496
82	32.21647766238244
83	31.9550417896156
84	31.6954649504327
85	31.435888111249813
86	31.185548798224676
87	30.950122121762522
88	30.718579864147582
89	30.491120414918417
90	30.27684786564091
91	30.066477851027912
92	29.85780686825566
93	29.65072617544051
94	29.44513691513899
95	29.246045872379128
96	29.04973242051763
97	28.858856191248627
98	28.67794618293244
99	28.5010095682266
100	28.32407295352076
101	28.149213329602297
102	27.97435370568383
103	27.810525770915955
104	27.654428423130938
105	27.500543971424758
106	27.34817474628693
107	27.199634613339736
108	27.05208718343695
109	26.90546873444884
110	26.759445893057038
111	26.614697669004904
112	26.47005695781414
113	26.332075791477934
114	26.195543553369962
115	26.0598406950059
116	25.9241916493348
117	25.791391845349033
118	25.658592041363264
119	25.52643412001798
120	25.395729714012333
121	25.26837819606212
122	25.14218342586752
123	25.018161981296224
124	24.89857633137586
125	24.779979943185605
126	24.66156521637877
127	24.543216511240516
128	24.425084666712156
129	24.30738171584469
130	24.189949442187345
131	24.07251716853
132	23.95534233266905
133	23.838167496808115
134	23.72234270128486
135	23.61136356660188
136	23.504476642603198
137	23.398713034741277
138	23.293895414410766
139	23.19229953580401
140	23.09152625090235
141	22.992760358000552
142	22.894736591596185
143	22.801320142178547
144	22.70980350886356
145	22.61861619810696
146	22.527875410536687
147	22.43740764465452
148	22.35082113054384
149	22.264897194835754
150	22.17902193081625
151	22.093224746864017
152	22.00792800334581
153	21.92265578047396
154	21.838983727534515
155	21.756797687443797
156	21.674916612085212
157	21.593272208500657
158	21.51191731015168
159	21.430936675720652
160	21.350316886186995
161	21.271123660357706
162	21.193067669157795
163	21.115307681148593
164	21.038213623568996
165	20.96133488631072
166	20.88536046526589
167	20.81034240994426
168	20.7369264135615
169	20.664609633662224
170	20.59386370357099
171	20.52389237783824
172	20.454365704993812
173	20.385451826696947
174	20.317300812856377
175	20.250636357238108
176	20.18509908969838
177	20.11966956113416
178	20.054240032569943
179	19.988901655851173
180	19.923563279132402
181	19.858507689981806
182	19.793452100831207
183	19.728482619581264
184	19.663513138331325
185	19.60039440678363
186	19.538894942613464
187	19.47894041850021
188	19.419002456804726
189	19.359064495109248
190	19.299417931957052
191	19.239771368804863
192	19.18040276201835
193	19.12103415523184
194	19.062023399400623
195	19.003012643569402
196	18.945941019887623
197	18.890233227021476
198	18.834898808461745
199	18.779905490151602
200	18.725536867678038
201	18.671453969557962
202	18.617371071437887
203	18.5639200855688
204	18.510469099699712
205	18.45735531537707
206	18.40539452599986
207	18.354273576831186
208	18.30345192976268
209	18.252821860612134
210	18.202191791461587
211	18.15199477614796
212	18.10290702416605
213	18.054112835712075
214	18.00556133472371
215	17.958016513776826
216	17.911480504531582
217	17.865842118971198
218	17.82045608233366
219	17.77517687243125
220	17.730048636075587
221	17.68496362357801
222	17.639878611080434
223	17.5948975421029
224	17.550059972823558
225	17.505557760701958
226	17.461291502457918
227	17.417103187010543
228	17.37291487156317
229	17.329609251647145
230	17.286505989653065
231	17.24389329621458
232	17.201400391278
233	17.159137192820353
234	17.11690688085909
235	17.074688694375226
236	17.032510912961374
237	16.990419479078664
238	16.94835947932375
239	16.906311162135147
240	16.864301403639907
241	16.82289875087436
242	16.781837511787394
243	16.741051055184993
244	16.700412332515324
245	16.659873799950883
246	16.619439912100898
247	16.58001881012362
248	16.54126524418578
249	16.50270374858795
250	16.464406730182752
251	16.42651089260891
252	16.388615055035068
253	16.35089033801446
254	16.31316562099385
255	16.27625453267298
256	16.239654110732207
257	16.203208372770273
258	16.167234159490363
259	16.131259946210452
260	16.09532346207434
261	16.060026358177968
262	16.02534815534279
263	15.991217401679119
264	15.957222112599938
265	15.923376149343603
266	15.889687709069014
267	15.856263783372874
268	15.823273026704825
269	15.790383691124472
270	15.757494355544114
271	15.725055252036231
272	15.692890733468701
273	15.660726214901171
274	15.628822931461414
275	15.59708118124524
276	15.565357858449506
277	15.53385706934792
278	15.502659059133622
279	15.471461048919323
280	15.440647969944212
281	15.409965991170102
282	15.379485500824778
283	15.34929516827395
284	15.31910483572312
285	15.288947277756483
286	15.258789719789853
287	15.228706425046052
288	15.198623130302254
289	15.168571415622395
290	15.138519700942542
291	15.108497684971073
292	15.078475668999607
293	15.048931003342332
294	15.019659823855573
295	14.990446669911988
296	14.961262292778873
297	14.932149562482019
298	14.903107120537733
299	14.87413364583918
300	14.845531152488284
301	14.817034805598592
302	14.788813043396507
303	14.760636586573375
304	14.73246012975024
305	14.704493065181378
306	14.676759643332002
307	14.64913785528292
308	14.622066466843702
309	14.595145674731386
310	14.568316887225432
311	14.54165509924676
312	14.514993311268093
313	14.48835486358355
314	14.461821614470843
315	14.435539813754776
316	14.409638689118578
317	14.384061775089505
318	14.358543159833461
319	14.333063660963688
320	14.307751147605222
321	14.282438634246756
322	14.2573650917639
323	14.23264384432771
324	14.208022585382057
325	14.183401326436407
326	14.159073753041323
327	14.134758796540961
328	14.11051974181342
329	14.086280687085878
330	14.062063675639372
331	14.037924416773347
332	14.014099767496491
333	13.990557170425008
334	13.967014573353525
335	13.943551463457199
336	13.920088353560873
337	13.896901016789037
338	13.874022302466194
339	13.851252224932617
340	13.828482147399043
341	13.805729393506148
342	13.78297663961326
343	13.760275436027888
344	13.737574232442519
345	13.714889845851646
346	13.692205459260773
347	13.669632725642666
348	13.64714022963888
349	13.624857382947667
350	13.602844578597594
351	13.580898587534076
352	13.559037443726805
353	13.537288282069618
354	13.515613986019556
355	13.494181373141393
356	13.47301986850002
357	13.452083540082851
358	13.431183854389518
359	13.4103343228916
360	13.389511686577247
361	13.368724956145897
362	13.347979798362589
363	13.327275578006827
364	13.30661167394761
365	13.286021911594805
366	13.265460654430852
367	13.24502971726048
368	13.224603315972562
369	13.204230355507859
370	13.183861760079235
371	13.163674377700053
372	13.14351136009121
373	13.123385923064237
374	13.103463839337785
375	13.083708412576547
376	13.06408669517919
377	13.04469022978821
378	13.025342240116307
379	13.006051784600238
380	12.986761329084171
381	12.967679127924468
382	12.948820967573603
383	12.930051111047923
384	12.91133978900115
385	12.892817096917726
386	12.874392941998769
387	12.856018962728543
388	12.837797175509333
389	12.81963129245925
390	12.80147384771255
391	12.783316402965852
392	12.765217098047712
393	12.747283986912002
394	12.729350875776298
395	12.71142952792483
396	12.693508180073364
397	12.675622875121588
398	12.657737570169813
399	12.639863732475135
400	12.62198989478046
401	12.604188080246626
402	12.586586061847838
403	12.569059751124232
404	12.551578970836388
405	12.534114895626782
406	12.51665082041718
407	12.499325515952219
408	12.482051836810243
409	12.464787422838246
410	12.447526904780974
411	12.43031423378147
412	12.413101562781968
413	12.396101736252646
414	12.37921462641464
415	12.362327516576636
416	12.345604322986496
417	12.329016038480367
418	12.31246063586268
419	12.296059763027694
420	12.279745428219986
421	12.263471313597497
422	12.247226194499662
423	12.231121060171754
424	12.21510957479804
425	12.199189807721577
426	12.183295598254714
427	12.16746615670544
428	12.151687646297356
429	12.13595469583799
430	12.120248565518846
431	12.104549935796094
432	12.088876816777297
433	12.07322976149222
434	12.057729626667305
435	12.042302960440544
436	12.02701160704194
437	12.011794674258217
438	11.996577741474495
439	11.981399146079209
440	11.966345409761386
441	11.95129167344357
442	11.936260558495434
443	11.92126551465991
444	11.906311824624108
445	11.891507571212186
446	11.876850060668946
447	11.862294838810133
448	11.84776671481136
449	11.833244657602833
450	11.818724820464414
451	11.804212511475672
452	11.789716965787466
453	11.775227347460289
454	11.760739907192814
455	11.746259814916643
456	11.731787792260063
457	11.71735764990079
458	11.702927507541514
459	11.68857165345795
460	11.674317129568676
461	11.66007204329301
462	11.645920756290995
463	11.631769469288976
464	11.617727186886656
465	11.60381503220461
466	11.58994365802986
467	11.576108467187272
468	11.562273276344683
469	11.5485997802568
470	11.53496959926946
471	11.521370217263783
472	11.507806165534836
473	11.49427072269656
474	11.480858089909654
475	11.467466824706225
476	11.454075559502796
477	11.440787953671231
478	11.42762326879563
479	11.414547049272691
480	11.401499454596175
481	11.388507869589423
482	11.375544633318416
483	11.362581397047409
484	11.34961977584883
485	11.336689994760686
486	11.32394300784174
487	11.311196020922797
488	11.298454043336003
489	11.285808322663312
490	11.273189536736078
491	11.260589803381054
492	11.24799429871407
493	11.235440991139416
494	11.222918147444057
495	11.210397489811525
496	11.197976762527832
497	11.1855745414884
498	11.173190621242217
499	11.160824799653682
500	11.148487459297623
501	11.136202163163308
502	11.123916867028996
503	11.111658933939939
504	11.099401000850888
505	11.087254136522368
506	11.075136046081687
507	11.063054043515946
508	11.050972040950205
509	11.038896137530175
510	11.026820234110145
511	11.014762688154802
512	11.002705142199456
513	10.990653576689498
514	10.97860201117954
515	10.966587220928625
516	10.954606832121591
517	10.942650797010034
518	10.930788686284082
519	10.91898295560442
520	10.90717722492476
521	10.895397026121268
522	10.883616827317777
523	10.871958254288563
524	10.86039890023367
525	10.84893723776691
526	10.837571774951698
527	10.826244751364952
528	10.814917727778202
529	10.803601194449252
530	10.792310423887612
531	10.781090942778503
532	10.769887232769843
533	10.758683522761189
534	10.74755679211388
535	10.736494741362435
536	10.72545733664548
537	10.714438928317353
538	10.703441881656545
539	10.692468416257332
540	10.681519064369873
541	10.670724839743222
542	10.659944121697787
543	10.649163403652352
544	10.638429641719636
545	10.62769587978692
546	10.617009226424049
547	10.606358291716932
548	10.595741133716386
549	10.585144238645086
550	10.574618749397175
551	10.564176711090441
552	10.553777934567552
553	10.543379158044665
554	10.532999063809402
555	10.522618969574141
556	10.512240920266327
557	10.501862870958513
558	10.491585539210687
559	10.481328100546085
560	10.47107066188148
561	10.460817976107498
562	10.450565290333516
563	10.440327027624194
564	10.43008876491487
565	10.419855171075245
566	10.409621577235617
567	10.399461943119203
568	10.38938102565921
569	10.37933167055017
570	10.369295148791977
571	10.359270275438504
572	10.349249616844489
573	10.339241520204498
574	10.329243828819852
575	10.319325168604434
576	10.30942459704247
577	10.299567975669596
578	10.289729029632742
579	10.279917342212107
580	10.270125854273473
581	10.260384062494262
582	10.250642270715055
583	10.240925520383495
584	10.231208770051932
585	10.221512484232205
586	10.21187524170168
587	10.202237999171157
588	10.192614610255246
589	10.183053987714038
590	10.173503303305308
591	10.163963667530245
592	10.154431098240936
593	10.144956460904096
594	10.135522377726966
595	10.126123732927963
596	10.11678194320548
597	10.107464068962225
598	10.0981516424589
599	10.088872770683986
600	10.079616784604312
601	10.070439178135327
602	10.06128794856927
603	10.05214925092994
604	10.043014860491336
605	10.033909765998402
606	10.02486433318205
607	10.015839074059809
608	10.00684919055764
609	9.997869790159367
610	9.988897495368157
611	9.979983449432803
612	9.971132764270513
613	9.962297703171107
614	9.953464393932043
615	9.944633043748176
616	9.935804633200348
617	9.926984806637417
618	9.918166701050348
619	9.909350525911588
620	9.900537232711043
621	9.891739408917772
622	9.882946530787985
623	9.874156144213485
624	9.865376538278685
625	9.856651264197072
626	9.847927316049262
627	9.839204492087108
628	9.830540418485358
629	9.821927699569207
630	9.813349944877965
631	9.804786327050618
632	9.796279008147788
633	9.787787792316724
634	9.77933059166235
635	9.770889199164134
636	9.762512651586253
637	9.754145739753792
638	9.7457883809126
639	9.737440493343115
640	9.729108689696021
641	9.720776886048926
642	9.712459587182375
643	9.704142288315822
644	9.695873599138078
645	9.687629193121223
646	9.679398104460825
647	9.671211874217562
648	9.66305591242916
649	9.654914939847707
650	9.646813560195925
651	9.638736675184662
652	9.6306597901734
653	9.622596583647308
654	9.61453337712122
655	9.606503856517689
656	9.598474335914158
657	9.590481485035756
658	9.582504474969465
659	9.574534993029012
660	9.56656551108856
661	9.558603020062945
662	9.550655311377374
663	9.542721893458841
664	9.534835375451234
665	9.52700063605237
666	9.519217060703198
667	9.511484045843103
668	9.50378788431957
669	9.496091722796038
670	9.488398522694167
671	9.480705322592296
672	9.473021005349532
673	9.46533668810677
674	9.457655288916769
675	9.449973889726769
676	9.442314274143703
677	9.434669474451121
678	9.427024674758538
679	9.419411096472642
680	9.411809372482663
681	9.404215222623922
682	9.396625964017286
683	9.389076557585927
684	9.38154777609048
685	9.374044218258536
686	9.366569959875466
687	9.359101828832527
688	9.351670066123766
689	9.344264158771791
690	9.336862428594348
691	9.329481821118648
692	9.322116624987045
693	9.314760848030776
694	9.30743506288504
695	9.300126681096412
696	9.292818299307783
697	9.285515032850292
698	9.278219733050324
699	9.270961024516694
700	9.263712879543684
701	9.256479005752514
702	9.24928996567225
703	9.242136564335485
704	9.23500232897133
705	9.227886430614994
706	9.220771860134114
707	9.213669601650967
708	9.206574698090902
709	9.199486898995316
710	9.192403494662608
711	9.185327301728226
712	9.178269230950185
713	9.171211304575515
714	9.164154773400977
715	9.157112810856288
716	9.150126495038226
717	9.143178554958187
718	9.1362551037201
719	9.129341591982886
720	9.122437612179057
721	9.115545019189097
722	9.108696505036017
723	9.101884570781367
724	9.095072636526716
725	9.088271115608023
726	9.081469594689327
727	9.0746846367181
728	9.067899678746874
729	9.061117113306791
730	9.05433454786671
731	9.047559310874508
732	9.040784073882303
733	9.034011197182423
734	9.027238320482539
735	9.020487794157871
736	9.013748234819595
737	9.00702284233262
738	9.00033721008111
739	8.993690346241124
740	8.98704859233756
741	8.980406838434
742	8.973786186372637
743	8.967165534311276
744	8.96056052709174
745	8.95397242969778
746	8.947420614649555
747	8.940868799601333
748	8.934319126794179
749	8.92780747328208
750	8.921305406048969
751	8.91480333881586
752	8.908329305756208
753	8.901881870580933
754	8.895443249234424
755	8.889008598254534
756	8.882584138392257
757	8.876185188608865
758	8.869822773138589
759	8.863490013403707
760	8.857167136174981
761	8.850865126241104
762	8.84457284950607
763	8.838329663748565
764	8.832112011998234
765	8.825898073330402
766	8.819684134662571
767	8.813489279955931
768	8.807294425249292
769	8.801100592851183
770	8.794906760453072
771	8.788732854226517
772	8.78257906658425
773	8.776454055369882
774	8.770334861495447
775	8.764219243158855
776	8.75810362482226
777	8.751990207377146
778	8.745882525869805
779	8.739777674976876
780	8.733680999470797
781	8.727600738805194
782	8.721541662752267
783	8.715482586699345
784	8.70943204907187
785	8.703381511444393
786	8.697343778191469
787	8.691306044938544
788	8.68527027703739
789	8.679234509136236
790	8.673204871674502
791	8.667175234212767
792	8.661147537579806
793	8.655119840946845
794	8.649122754659901
795	8.643158549111405
796	8.63722689824734
797	8.631305082370943
798	8.62539093924735
799	8.619482886718476
800	8.613583634565092
801	8.607710391683144
802	8.601837148801199
803	8.595970550890039
804	8.590132891700964
805	8.58429523251189
806	8.57846029950739
807	8.572645119325278
808	8.566838487837387
809	8.561051946921184
810	8.555296335669523
811	8.54955450454689
812	8.54381267342426
813	8.538078665474634
814	8.53234465752501
815	8.526650851927002
816	8.520987148228137
817	8.515344652248157
818	8.509709295183324
819	8.504082731085946
820	8.498456166988568
821	8.492864520425183
822	8.487275994373958
823	8.481694317544807
824	8.476150881497293
825	8.470618543198562
826	8.465093380333116
827	8.459568217467671
828	8.45407601316502
829	8.448599062929949
830	8.443124832919327
831	8.43765171981867
832	8.432192831506642
833	8.426741208849622
834	8.421292867473543
835	8.415850805860693
836	8.410410342752945
837	8.404969879645195
838	8.39955214518625
839	8.394134410727304
840	8.388718357139894
841	8.383302303552485
842	8.377891275911727
843	8.372480248270971
844	8.367070881775303
845	8.361661515279632
846	8.356265716919804
847	8.350890274608041
848	8.345529513262818
849	8.34017799000557
850	8.33483296117782
851	8.329492278846828
852	8.324159006866546
853	8.318835360668398
854	8.313516249682934
855	8.308201644987742
856	8.302891517929238
857	8.297620271805894
858	8.29237272435089
859	8.287125176895893
860	8.281884398852934
861	8.276643620809978
862	8.271425845371738
863	8.26623412698955
864	8.261068230505032
865	8.255903040773735
866	8.250737851042436
867	8.245583674953803
868	8.240436128801791
869	8.23528858264978
870	8.230155078980218
871	8.225021575310658
872	8.219899735301253
873	8.214799354036716
874	8.209718117113198
875	8.204636880189682
876	8.199561585775205
877	8.194486573128458
878	8.18941156048171
879	8.184344707498711
880	8.179283819385875
881	8.174228810903658
882	8.169180586057088
883	8.16415556389108
884	8.159155009235112
885	8.154178706783116
886	8.14921313773055
887	8.144253317408507
888	8.139308085039541
889	8.134369418280254
890	8.129444610310104
891	8.12452628354175
892	8.119630597056725
893	8.114734910571702
894	8.109840642960881
895	8.104946375350062
896	8.100056426649624
897	8.095166477949189
898	8.0902779325634
899	8.085389387177614
900	8.080515048673151
901	8.075658401643512
902	8.070801754613873
903	8.065951058543932
904	8.06110036247399
905	8.056272984913884
906	8.051468484711915
907	8.046679998249278
908	8.041897720830681
909	8.037119602839033
910	8.032346928563946
911	8.027587340323988
912	8.022830787585178
913	8.018077821327026
914	8.013325105786368
915	8.008577583148124
916	8.003830307735353
917	7.999104348647685
918	7.994382541184846
919	7.989665515646346
920	7.984957312649681
921	7.980249109653017
922	7.975547814867952
923	7.9708502492811535
924	7.9661540364573895
925	7.961461097598898
926	7.956771839408582
927	7.952103926707693
928	7.947457683694818
929	7.942832928471783
930	7.938213910134042
931	7.93360000249403
932	7.929006741262788
933	7.924432575370998
934	7.9198641978305595
935	7.915308007439992
936	7.910757534512895
937	7.906220683663118
938	7.901688807010721
939	7.897175081033087
940	7.892665963586709
941	7.888156846140333
942	7.883663563582987
943	7.879176426172435
944	7.874694868129486
945	7.870226193325833
946	7.86575751852218
947	7.861294029867133
948	7.856830541212085
949	7.852380675659855
950	7.8479308101076235
951	7.843482152397134
952	7.839033494686644
953	7.834588569132524
954	7.830143643578403
955	7.825699913430266
956	7.821256183282129
957	7.816824568309181
958	7.812412815598516
959	7.808006977072631
960	7.8036065289928604
961	7.799222261942107
962	7.794837994891356
963	7.790458743627927
964	7.7860794923644985
965	7.781708808891519
966	7.777338125418541
967	7.772967509812085
968	7.768596894205632
969	7.764235591231804
970	7.759893640209488
971	7.755565202042786
972	7.751236763876084
973	7.746914009554535
974	7.742596983604852
975	7.7382845564114495
976	7.73399001219406
977	7.729714298609284
978	7.725457266551586
979	7.721209113222143
980	7.716966059273986
981	7.7127270772675995
982	7.708492543310093
983	7.704273081252462
984	7.700070269869732
985	7.695867458487001
986	7.6916693413307415
987	7.687471224174485
988	7.68328343053188
989	7.679098734259739
990	7.6749171183852996
991	7.670737695349523
992	7.666559905869932
993	7.662386202485597
994	7.658225903728303
995	7.6540834939585105
996	7.649957196932994
997	7.645830899907478
998	7.641708539573182
999	7.637586179238886
1000	7.633464975571931

# METHOD: Shadow_Grouping
# Nshots: 1000
1	106.9856335205069
2	94.49658307943622
3	92.63078730535607
4	83.47495166136032
5	82.31054206013019
6	77.8713962852096
7	75.88027204088255
8	71.44112626596198
9	69.45000202163492
10	67.57634247452556
11	66.61657497690848
12	66.04411893039897
13	65.69582118307314
14	65.70599211821423
15	67.03558935471067
16	68.21105726213025
17	68.24949499237046
18	68.80811477169568
19	69.16806365710917
20	69.56496090943584
21	69.99727598217092
22	70.45098220273236
23	70.84787945505903
24	71.31596763741112
25	71.730199777087
26	72.55475292990018
27	73.30625809703083
28	71.36082643424281
29	69.7542461846126
30	67.81410758971091
31	66.21282040796702
32	64.86493064400551
33	63.728226977821535
34	64.13613653240223
35	64.39509659834515
36	63.95984898977112
37	63.52460138119709
38	62.23533655184818
39	61.49089983922665
40	60.95850533648682
41	60.54693135886887
42	59.25766652951996
43	58.51322981689843
44	57.94816026697691
45	54.602700798776524
46	53.27223544847789
47	52.02023551772498
48	50.25289386140326
49	49.92248967773215
50	49.60667428282608
51	49.30327975741915
52	49.01058836933326
53	47.77830813579238
54	47.492964874093495
55	47.21064706806329
56	46.92928282949361
57	46.636929493717574
58	46.358243364453465
59	46.01993518712413
60	45.732412152834264
61	45.39913993431567
62	44.66753370649212
63	43.96427764212807
64	43.541690634937225
65	43.14733030377751
66	42.72787511894752
67	42.33843756918829
68	41.719194011544744
69	41.15369967311447
70	40.54278555695862
71	39.95087007504584
72	39.50419144623148
73	39.07082609641006
74	38.61905038373506
75	38.19576604043296
76	37.680542993910194
77	37.18187964409046
78	36.80836723102605
79	36.4447877108835
80	35.95013572099724
81	35.82248255461876
82	35.698048609136066
83	35.576552572736844
84	35.45774859098204
85	35.0885474721702
86	34.929611707093834
87	34.75381143592981
88	34.58368245958895
89	34.41541300947978
90	34.17927103624091
91	34.03577758065416
92	33.92453851298769
93	33.78664252582023
94	33.629288364553005
95	33.51446510764425
96	33.40124252358447
97	33.26563030004238
98	33.09561273195364
99	32.91422748453904
100	32.690369188438645
101	32.48790407321611
102	32.226844592075835
103	31.972017668998415
104	31.78334564270732
105	31.584618312489955
106	31.425906034048467
107	31.26519319060952
108	31.092674062233513
109	30.931415850900496
110	30.769309327812383
111	30.64059143635549
112	30.358663869691114
113	30.284206012498025
114	30.21123174120448
115	30.13964146483983
116	30.069345463476406
117	29.988190371661346
118	29.751392218277466
119	29.629169971687954
120	29.51609765186159
121	29.303812583023728
122	29.095501197877933
123	28.885552129014723
124	28.693699195890144
125	28.50217021403611
126	28.30907062309524
127	28.133483746383643
128	28.06926077572791
129	27.96937484992761
130	27.906401470915114
131	27.8042980386531
132	27.742025472541908
133	27.645863420637486
134	27.582000946930716
135	27.374841129023544
136	27.173094137909796
137	27.066191637180115
138	26.95960870055327
139	26.786905797144946
140	26.622838380765277
141	26.35194148460804
142	26.103688820608316
143	25.991659042392904
144	25.943727664094986
145	25.89650569412063
146	25.84995758098664
147	25.804050409729083
148	25.694053092892194
149	25.616831080295757
150	25.51652804697495
151	25.421972121214594
152	25.342783998777
153	25.226091863772748
154	25.146979077644023
155	25.05375930144794
156	24.965773451521894
157	24.880560576852627
158	24.753250510116565
159	24.71161719591027
160	24.65260316319531
161	24.596264278864997
162	24.542997307175344
163	24.48619319288388
164	24.435541659091342
165	24.376721890477164
166	24.249905798638945
167	24.136320128491597
168	24.02203005307532
169	23.892390592434545
170	23.769498216334323
171	23.648430158986283
172	23.52861438932547
173	23.413434593442155
174	23.300258278240253
175	23.18854722308764
176	23.082407458889502
177	22.951425152939212
178	22.823176300299163
179	22.78817768780865
180	22.753623250698997
181	22.719494182161565
182	22.68577286354417
183	22.507071757398975
184	22.397427186778177
185	22.28977488638158
186	22.228854014707373
187	22.163586164067446
188	22.078621382076864
189	21.987167750688
190	21.823832424222445
191	21.670482500387592
192	21.632605507061914
193	21.594193524758836
194	21.564009777153977
195	21.530281082728795
196	21.500593753621374
197	21.470698866277548
198	21.44115006254131
199	21.411587159450878
200	21.322306536869302
201	21.238536824120136
202	21.154181483317053
203	21.074784143427923
204	20.935481150680797
205	20.864246383613978
206	20.83756263287003
207	20.811163390929046
208	20.785038701077077
209	20.7591791256478
210	20.705044381335476
211	20.653143242500647
212	20.601983076176303
213	20.55273923298868
214	20.469979436822843
215	20.433956605433366
216	20.39846436467898
217	20.358493461811623
218	20.32314834887424
219	20.24338711525358
220	20.168914841558014
221	20.096161915450843
222	20.018057436977486
223	19.94375369869685
224	19.869617248554157
225	19.799163938973663
226	19.759520260313863
227	19.736611334338996
228	19.70831842663169
229	19.68572439278816
230	19.663274554824426
231	19.626061631562912
232	19.60314041258672
233	19.574471846059566
234	19.494332139698496
235	19.4184675823575
236	19.34354236580813
237	19.27275115677533
238	19.208694472874853
239	19.157881718301077
240	19.11096333600115
241	19.070754150487176
242	19.0498791232952
243	19.02919469412534
244	19.00869507087491
245	18.98837472519606
246	18.946734599286994
247	18.906456519933176
248	18.86151237527076
249	18.8192685776066
250	18.775620861775447
251	18.6746365716724
252	18.619786171510544
253	18.582609767248204
254	18.55461655451786
255	18.500571204336957
256	18.447654256642803
257	18.429455335874614
258	18.400674197717112
259	18.378122555853334
260	18.35137934878374
261	18.32922847752266
262	18.302893790679896
263	18.276914817041234
264	18.258850725972863
265	18.199631579496568
266	18.14192650868973
267	18.084532651311413
268	18.02968603328067
269	17.975468514649638
270	17.92068455922947
271	17.868314297558193
272	17.81410937177752
273	17.79696161823975
274	17.77995419188341
275	17.763083298081522
276	17.746345296527313
277	17.709543957150427
278	17.681095246436993
279	17.652849915580592
280	17.625162025710477
281	17.579469961004012
282	17.52204381531732
283	17.467148414729216
284	17.4128710563426
285	17.361040314515105
286	17.336616879934187
287	17.30978981112279
288	17.276829376606354
289	17.25108692807904
290	17.22381366010648
291	17.17750570033744
292	17.132094994360646
293	17.110360754283835
294	17.09579193340254
295	17.07293867287024
296	17.050681656835003
297	17.036161827551823
298	17.02142771638749
299	17.006957696400498
300	16.988615966796274
301	16.94623051456645
302	16.9021344535787
303	16.823478511851672
304	16.74784611880376
305	16.73346526152826
306	16.719190020033285
307	16.705017857182963
308	16.69094632738242
309	16.61851971014466
310	16.57972544079914
311	16.53566839734894
312	16.492933350069443
313	16.449468006296513
314	16.407801613463814
315	16.366365957630137
316	16.323449243987053
317	16.281900705375666
318	16.241409693129878
319	16.215490244877422
320	16.196758728614867
321	16.16002336816653
322	16.123615654379925
323	16.086406039842455
324	16.067862147572427
325	16.05571373137356
326	16.042554996523904
327	16.03044471100757
328	16.01241203975504
329	16.000312485457776
330	15.984879875528364
331	15.967641518272298
332	15.931170651230323
333	15.888221651823484
334	15.846797411857066
335	15.805768670329135
336	15.766227073377415
337	15.732605281395708
338	15.706952508452664
339	15.694749810888418
340	15.68262786102328
341	15.670584911032085
342	15.658619269952421
343	15.64342842931661
344	15.623625589849537
345	15.561745727260526
346	15.52860194205658
347	15.49557207117713
348	15.463498512116972
349	15.440898149269538
350	15.409653543581923
351	15.391632616474348
352	15.373878538934742
353	15.342695983959636
354	15.283922740056397
355	15.227018333299982
356	15.211251492420285
357	15.197436624817131
358	15.182740808434477
359	15.17226762136111
360	15.161365892583897
361	15.14841736442911
362	15.132823239000194
363	15.12253993762376
364	15.08775695903231
365	15.053484150192958
366	15.019606826306479
367	14.986203478662043
368	14.953334620153043
369	14.921288314449725
370	14.887379602162365
371	14.854421894586665
372	14.843898495976479
373	14.833438296414752
374	14.823040057354778
375	14.812702576764439
376	14.789368154821625
377	14.737011875982132
378	14.709284198701088
379	14.67594790270391
380	14.642832466006606
381	14.611518518016204
382	14.592748769585489
383	14.573952998508323
384	14.547610517200821
385	14.52366496656516
386	14.502784651077567
387	14.4752546498973
388	14.44808837460301
389	14.421160145319044
390	14.371921380002213
391	14.358803974686237
392	14.349291935183686
393	14.340369143528173
394	14.331335300736086
395	14.321978084737836
396	14.313086013684497
397	14.304217109400884
398	14.293017310812504
399	14.273695287751778
400	14.264423937371388
401	14.255204427818159
402	14.246035822199197
403	14.236917209076482
404	14.225361592522841
405	14.205929535417528
406	14.159287423598997
407	14.13422364219766
408	14.109751070608272
409	14.081390532625425
410	14.053710449793488
411	14.025809150639898
412	13.998091379652948
413	13.970232607207436
414	13.943474104533452
415	13.917072517884808
416	13.890023868766683
417	13.873401631466418
418	13.856787087229502
419	13.840146294450285
420	13.825127007945637
421	13.801768087236143
422	13.778657861596008
423	13.77036186937101
424	13.758404747260926
425	13.750606636031844
426	13.742342949685584
427	13.730289913519114
428	13.718682752694772
429	13.70880030307926
430	13.700896292257568
431	13.65792699961029
432	13.649725092921502
433	13.641565688452909
434	13.633448075983445
435	13.625371563159797
436	13.598227466654453
437	13.571455553213312
438	13.54484896481792
439	13.518713387100373
440	13.477751039049343
441	13.456026498134332
442	13.434451955661018
443	13.413154600244457
444	13.392387466233782
445	13.353002412965244
446	13.338648322272958
447	13.324509979795717
448	13.305080765243376
449	13.284537542101937
450	13.246123467612051
451	13.222492046954724
452	13.199351026508094
453	13.175887628603595
454	13.152713883990288
455	13.129879081647658
456	13.107192331484923
457	13.0848700320508
458	13.06219787635093
459	13.05304806092473
460	13.04389824549853
461	13.034033187157194
462	13.026875064726385
463	13.017010104167966
464	13.006284802118708
465	12.999038012620925
466	12.990326143081306
467	12.980733155928142
468	12.970304111577084
469	12.963063048419366
470	12.95585614268239
471	12.948682872456995
472	12.941542727825036
473	12.905351990007059
474	12.88606863513305
475	12.867161026908507
476	12.848623500873504
477	12.83012717847662
478	12.817750313150494
479	12.805166259167253
480	12.792802877882606
481	12.781217929807076
482	12.758152276447108
483	12.735753402893614
484	12.714056159953133
485	12.692492349434827
486	12.658111279722885
487	12.624510222250972
488	12.591653658021789
489	12.585084429293703
490	12.578544460316616
491	12.572033335533643
492	12.56555064822014
493	12.548009080809507
494	12.541589628129437
495	12.535189075470583
496	12.528859353008983
497	12.522542244720752
498	12.513580059289797
499	12.507408440813547
500	12.501338280043182
501	12.495185370319644
502	12.477997160000443
503	12.461025022108064
504	12.440903278162676
505	12.421118082315449
506	12.401198157164032
507	12.381941321902394
508	12.362544741812277
509	12.343186925687542
510	12.324189379296
511	12.30493994487925
512	12.296095803055763
513	12.285225418889837
514	12.276653301584897
515	12.265806837333914
516	12.234952744167579
517	12.225145433318712
518	12.217339691184995
519	12.204850030635829
520	12.174953687120595
521	12.168996827370586
522	12.163064992296528
523	12.157157847396148
524	12.151275064866756
525	12.13539716487551
526	12.127272081822426
527	12.121529087213121
528	12.113646855617677
529	12.105828291469232
530	12.097382919427046
531	12.089097095378197
532	12.081446894011778
533	12.074364889478048
534	12.058698935724792
535	12.039798569709983
536	12.020604928650133
537	12.002332573218043
538	11.984165304363957
539	11.968762791648263
540	11.953535833053834
541	11.925108463642344
542	11.90339906516214
543	11.881912515548724
544	11.872974433477545
545	11.862815299313693
546	11.851842896765813
547	11.838682496434867
548	11.82418716194217
549	11.806738108417992
550	11.789512355640758
551	11.772803188110284
552	11.756010148393575
553	11.739503288225167
554	11.722753408001106
555	11.706245422823905
556	11.69000299543152
557	11.684608868337984
558	11.67923590800691
559	11.673883849051258
560	11.668552431074898
561	11.661631913565952
562	11.65651073661277
563	11.651395530062917
564	11.644223688522523
565	11.637656923753761
566	11.632645015567704
567	11.625707166521757
568	11.618961953588741
569	11.605098006410334
570	11.5912669199741
571	11.577500511158387
572	11.551237685755305
573	11.543051449873255
574	11.533850222626082
575	11.524347357300075
576	11.51216734876392
577	11.502812209867617
578	11.496580501369973
579	11.485893179733486
580	11.472669635949998
581	11.455999297897698
582	11.439814701482238
583	11.423704689202237
584	11.408042698933881
585	11.394867377188474
586	11.389885862298236
587	11.384923155737523
588	11.379979032369965
589	11.375053271102887
590	11.362043596366284
591	11.349178649599864
592	11.336486225179689
593	11.330282076929315
594	11.325570465210918
595	11.320900407012095
596	11.31633176731048
597	11.311807469213857
598	11.307153561620774
599	11.30045463813796
600	11.29440113337078
601	11.279070847370217
602	11.263902876135665
603	11.249096603884025
604	11.234341720760526
605	11.219713600925456
606	11.204958512225405
607	11.190380721032689
608	11.176093377258503
609	11.151973449874257
610	11.143593092101506
611	11.13459028625463
612	11.128316029271343
613	11.122007449921899
614	11.098335919659393
615	11.075089120433262
616	11.070515726533566
617	11.065958642560526
618	11.06141768411711
619	11.056892669935474
620	11.044947941749417
621	11.033159117172806
622	11.010490548816461
623	11.004875726054124
624	11.00057684576756
625	10.996310634141434
626	10.992172383660858
627	10.988000779800448
628	10.983829410463347
629	10.979575040391174
630	10.973611181073476
631	10.95137166973273
632	10.937069770554558
633	10.923135420326837
634	10.909141806505206
635	10.895306311327994
636	10.883956900985655
637	10.872649689411622
638	10.865761306409496
639	10.860462035786094
640	10.853591035278013
641	10.842416741178331
642	10.834291172164335
643	10.823852712568048
644	10.813049129397758
645	10.805485421155462
646	10.79199939534001
647	10.77889473126757
648	10.765694668816904
649	10.752470237391428
650	10.739523692015446
651	10.726641766480004
652	10.713786267689962
653	10.701147957436275
654	10.696942481944959
655	10.692751150008469
656	10.688573810459195
657	10.684410314554638
658	10.673490227000451
659	10.65264746069635
660	10.64740725279317
661	10.64356806262266
662	10.639656788722514
663	10.634442002022077
664	10.62945524068322
665	10.62564801920687
666	10.61998769534816
667	10.616190730229203
668	10.5957244535979
669	10.58519342766294
670	10.574846669626421
671	10.564545297246383
672	10.558648621900755
673	10.55149577126011
674	10.542215932343181
675	10.532510091024232
676	10.522249606848332
677	10.518308005528429
678	10.514379294484005
679	10.510463340990142
680	10.5065600143742
681	10.486645853857157
682	10.47400849074018
683	10.461491282233998
684	10.44919841425473
685	10.437023709440608
686	10.417626391639066
687	10.402503456730567
688	10.387592496989924
689	10.375779785615789
690	10.364119693147378
691	10.352458996252048
692	10.34086052254576
693	10.329305272618576
694	10.317860439412138
695	10.306509621568553
696	10.295169526945228
697	10.291546102654307
698	10.287944932329513
699	10.284328194677368
700	10.278984818393944
701	10.275481988579138
702	10.271982594378624
703	10.268455579425472
704	10.264935194959767
705	10.260487418247347
706	10.255912871193352
707	10.246408140524665
708	10.236881508701003
709	10.230437051545325
710	10.223882157358812
711	10.218466332986015
712	10.2116793824917
713	10.208030346986426
714	10.204392593107109
715	10.20076601077292
716	10.19715049151546
717	10.187616698033228
718	10.178289749250226
719	10.16892868614864
720	10.150818015580095
721	10.1329803742671
722	10.115407354578894
723	10.11056257626748
724	10.105735797525426
725	10.102372922548266
726	10.097629304065643
727	10.093151357647294
728	10.088766607391582
729	10.085512101773132
730	10.081215258349305
731	10.070077834929991
732	10.058825400724647
733	10.047953932239514
734	10.037123961649247
735	10.028154609660241
736	10.019172598677823
737	10.010375164365016
738	9.99980091399682
739	9.989356945544904
740	9.97889225827781
741	9.968359423680731
742	9.957983446930514
743	9.947659392265404
744	9.937302494700264
745	9.927098952778396
746	9.921001706577702
747	9.913059130537222
748	9.905029685177283
749	9.899122985788892
750	9.895742004407149
751	9.892370884008116
752	9.889009533407565
753	9.885657862686733
754	9.876975069476073
755	9.860307464371807
756	9.853444395473216
757	9.849319069942219
758	9.84253645052347
759	9.83833033973166
760	9.835209016303097
761	9.83215746983604
762	9.82760206736819
763	9.824555851705478
764	9.820177042244943
765	9.817145100392397
766	9.814117522014765
767	9.797870512425135
768	9.789523893885507
769	9.781256297659851
770	9.772961816190175
771	9.769769782053253
772	9.766586819512758
773	9.76341284739437
774	9.760247785614766
775	9.755613557658515
776	9.749989053031971
777	9.744543483807446
778	9.740315206938174
779	9.732111760486916
780	9.716244691808937
781	9.706225487084737
782	9.696115847021636
783	9.686321584333577
784	9.676564143271362
785	9.661052198646685
786	9.651439352638729
787	9.64188725717272
788	9.632370817901627
789	9.622988872874817
790	9.61356578302393
791	9.604242856743657
792	9.59485463637541
793	9.585598144810731
794	9.582706417286275
795	9.57981859706991
796	9.576995007677532
797	9.573118351925583
798	9.569253261458885
799	9.565442380063427
800	9.561722253399028
801	9.557631493958949
802	9.542597242369377
803	9.534835314422393
804	9.531854242940929
805	9.528881222594908
806	9.525916184758202
807	9.522959061682705
808	9.515211523730258
809	9.510837395581207
810	9.505777864225834
811	9.500579622402368
812	9.496543325735718
813	9.481794340526351
814	9.474297048266232
815	9.466770789167963
816	9.462162682132256
817	9.458630544760993
818	9.454072225726124
819	9.446662372421759
820	9.439218026594322
821	9.431796215824084
822	9.429084161912558
823	9.426355364749426
824	9.42240974572849
825	9.419756245296538
826	9.41703169796153
827	9.413135812110644
828	9.410470557285263
829	9.406930793301932
830	9.397753711918652
831	9.388754174962628
832	9.379835210186062
833	9.37098721556742
834	9.360012745206717
835	9.351264215190072
836	9.34259078979029
837	9.33401865405439
838	9.325330791011355
839	9.316671642327847
840	9.308172017937812
841	9.299762069022274
842	9.291236858617172
843	9.288438672721465
844	9.28564773002036
845	9.28286397121528
846	9.280087337736779
847	9.274730324799213
848	9.267662717282871
849	9.262968706576425
850	9.258948764640687
851	9.245094603059606
852	9.23798094304388
853	9.231013064631023
854	9.224062879446851
855	9.217150932187486
856	9.214596066688676
857	9.21204332833401
858	9.20868398744441
859	9.20614128081949
860	9.202524508292633
861	9.200027009655763
862	9.197538016603621
863	9.193956249031654
864	9.18038339040985
865	9.166980627858878
866	9.164324057497776
867	9.161674186475397
868	9.15903096169886
869	9.156394330707183
870	9.143183758625462
871	9.138533808784896
872	9.13465810548759
873	9.130899272919672
874	9.12651428180107
875	9.119747166464638
876	9.113096252060675
877	9.107712022880534
878	9.09943147001584
879	9.091297636215751
880	9.083099654502181
881	9.075047683920255
882	9.071899279447978
883	9.066538179239064
884	9.058527618329972
885	9.05052500050495
886	9.042585909033267
887	9.03473681961944
888	9.026950369039337
889	9.01909607398204
890	9.0112809538301
891	9.003570727282908
892	8.997022407729533
893	8.993818308374536
894	8.99047496749145
895	8.98716192227956
896	8.984768531569458
897	8.981636458355595
898	8.9792927641779
899	8.975847477674414
900	8.973511979962995
901	8.971003716749298
902	8.968501548718324
903	8.966005429276922
904	8.963515312367091
905	8.95708598785328
906	8.95065240970392
907	8.944599036911695
908	8.93838908743896
909	8.934198194645022
910	8.928375284648938
911	8.915896797150948
912	8.90957647995152
913	8.903261406718153
914	8.897074349700729
915	8.890808984075466
916	8.878552589566434
917	8.86643943252945
918	8.858991602638824
919	8.856591028765703
920	8.854196184488856
921	8.851807027254587
922	8.84942351498329
923	8.846143708560914
924	8.84388869632872
925	8.840741470166039
926	8.838495975737475
927	8.835509409170893
928	8.833298277547517
929	8.830248245000133
930	8.828039932132318
931	8.820711713455564
932	8.813405943105217
933	8.806061007571513
934	8.79876821393196
935	8.791568545436869
936	8.784309592698085
937	8.777166114447988
938	8.769667581369557
939	8.762297072079738
940	8.754910474799646
941	8.74757662444643
942	8.743073223459767
943	8.738928513159312
944	8.733541464580867
945	8.730259239876041
946	8.726568898832914
947	8.723855726464306
948	8.718999661994495
949	8.713031649430915
950	8.707067634602469
951	8.701132356049714
952	8.695302099797596
953	8.68374621430477
954	8.672320746119153
955	8.670049058185354
956	8.667782588435227
957	8.665521299508793
958	8.663265154447368
959	8.651987714788337
960	8.649151283121395
961	8.647027724679248
962	8.644061717058369
963	8.641978360269949
964	8.639859774825158
965	8.637780384595384
966	8.635694122534723
967	8.632937328094048
968	8.627216698439986
969	8.621582592452407
970	8.61607510283087
971	8.610545266939658
972	8.607410965034946
973	8.604426664207038
974	8.598780271286238
975	8.591933993961325
976	8.585080151797662
977	8.578367937715138
978	8.571646322076646
979	8.564882473699948
980	8.558152260381558
981	8.551435849111668
982	8.544814580977544
983	8.537936535960371
984	8.53110216802218
985	8.52428379656001
986	8.517513002576106
987	8.50664013334946
988	8.504486422868332
989	8.502337479075267
990	8.500193269042237
991	8.498053760182467
992	8.487317779940826
993	8.476697036280608
994	8.473932986087814
995	8.47103184090091
996	8.469061769669246
997	8.46705220878511
998	8.465044062210035
999	8.462242903955266
1000	8.460271994908979

